43.954341135334865 1.0 10191.748958542257 82693.61708247854 -1.0
66.24075429116724 -1.0 85219.89640997259 33195.125262368616 1.0
18.153286566511582 -1.0 99599.54437528944 58208.8218280258 1.0
34.02511377869093 -1.0 85653.31539624342 11448.129826694641 1.0
66.37678799940151 1.0 42592.40661422319 94675.89457860179 -1.0
87.39472322466334 -1.0 53983.35598465786 46428.63393196062 -1.0
72.99365258900308 -1.0 37748.89611474442 47926.444194689946 -1.0
21.643426042293562 -1.0 25146.489557651097 93041.20716196185 -1.0
48.46993116342351 1.0 95189.286133715 60831.53578568886 1.0
39.798104835253014 -1.0 26599.200415537514 28641.891156557696 1.0
45.178063851505556 -1.0 94169.24327967368 14556.578781717677 1.0
49.108267521897616 -1.0 91765.25405510672 6716.782024387102 1.0
69.98246231400589 1.0 64786.55202267245 56527.28414211079 1.0
20.844785939588927 -1.0 67038.85042008566 64263.007404103315 1.0
30.826511500572927 1.0 91513.28050704379 39150.66330299264 1.0
79.85939542895848 -1.0 30812.983513737603 92938.34499263729 -1.0
27.34055090191515 1.0 86171.79925906261 50771.76294362656 1.0
67.9499643067189 -1.0 88805.78118640839 76482.15399074114 1.0
28.086380582448022 -1.0 6103.128338904251 64733.674234448416 -1.0
77.86890260389912 -1.0 3949.5849336660726 63294.67915967515 -1.0
62.95327745794853 1.0 60267.18971678557 60402.7442992059 -1.0
65.23818480984833 1.0 11526.139201435848 83394.78155859731 -1.0
61.895749004262996 1.0 9156.776119753951 33935.693846460716 -1.0
67.79886715588789 1.0 97503.73110628282 80251.03797297209 1.0
38.552282636363636 1.0 65187.623252040605 27582.502961977363 1.0
80.52230124439771 1.0 96576.77534610138 11395.58164618123 1.0
38.52302024346736 1.0 67188.50446891673 66768.71977420845 1.0
41.18236598585631 1.0 81940.39596045837 12825.14570713721 1.0
69.67259339522684 -1.0 93073.4609132757 81859.53792173968 1.0
49.345696876636126 1.0 19.69170331463932 54308.14495068347 -1.0
42.48164092263714 -1.0 95284.75127889116 65663.48990577381 1.0
28.36319622060193 1.0 95737.33231428421 98721.31748596848 1.0
62.550939724716905 1.0 15596.061624203096 4925.500578476372 1.0
83.90138631556218 -1.0 72654.98237321585 39822.25973763823 1.0
85.10080097056466 -1.0 79123.05024344011 36441.21696778601 1.0
87.26983624277584 -1.0 32709.817121038675 52834.80697894706 -1.0
46.658484417551065 1.0 58412.818048597655 78466.64197364468 -1.0
30.383963021899724 1.0 30476.93548837861 96110.9227111352 -1.0
82.80091171059327 -1.0 15628.003261234635 84012.93720618075 -1.0
27.0411806294445 1.0 5329.2245132652515 80669.01611831645 -1.0
51.29213944241784 -1.0 47041.63376332029 47044.1751591882 1.0
52.036482129168604 -1.0 29342.47967080199 12871.63229987105 1.0
19.308486072110405 1.0 91043.14329890108 5995.845340067296 1.0
51.90009756919321 1.0 3325.3637659079072 27017.23771967649 -1.0
71.25503134175568 1.0 77673.91634945027 37806.412065382465 1.0
47.29875734655552 -1.0 10793.354842734849 67862.27177569552 -1.0
66.67764317422382 1.0 72485.256396372 23304.102258409708 1.0
34.90660393322405 -1.0 87003.62832374696 38537.305949550515 1.0
42.94045577525997 1.0 91306.25189744745 31336.080187893112 1.0
38.40399985591326 1.0 90631.2358937539 90895.49250388816 1.0
41.46906653166731 -1.0 94968.20911353584 44802.653559075225 1.0
71.65707421048646 1.0 89769.65192908308 2849.6058436653484 1.0
25.061707622195755 1.0 10887.542004418716 89511.45297538419 -1.0
48.755836205749226 -1.0 74036.98506083406 9641.762698047673 1.0
32.3492782859932 -1.0 35604.42581965395 49309.45564017537 -1.0
53.04645442879569 1.0 38864.66468334029 10064.43653474014 1.0
49.4627928958441 -1.0 52403.61767959702 81227.60408562057 -1.0
42.83495641149393 -1.0 85877.56786100335 34882.06555796951 1.0
54.70451535888559 1.0 31303.85627373926 49755.235644824206 -1.0
26.93205237830298 -1.0 25709.23875880351 40027.53683029039 -1.0
59.39062615230554 1.0 43233.1185350339 55688.141262486526 -1.0
22.543257164285173 -1.0 81868.56070363102 34290.40890290908 1.0
45.12215955676752 -1.0 49957.66311441007 21442.89390516849 1.0
72.42229244134866 -1.0 4941.28872394779 69663.54249057043 -1.0
74.13534478188936 -1.0 5609.663355794281 3748.5199238817436 -1.0
66.96196065421017 -1.0 15788.70014436755 5122.913951271924 1.0
50.431332427514135 -1.0 54060.63402656381 43454.113268887995 1.0
31.42881755136556 1.0 95968.6146909404 1043.1199826150485 1.0
36.345891801440104 -1.0 84037.94913598229 77504.77344151682 1.0
18.221353302052155 -1.0 41006.194193898526 8214.24580008473 1.0
81.64583352152933 -1.0 92487.01054341275 11437.361221913388 1.0
19.303668489138776 1.0 81691.71616076914 17940.36056979855 1.0
81.64829568215146 1.0 99633.68497948028 10098.39647953693 -1.0
27.013846781379456 1.0 79520.41276176895 817.3167999544262 1.0
70.8669445434847 1.0 49508.367590251866 72868.84132627139 -1.0
27.11950403444817 1.0 59314.552782351995 44984.450085141936 1.0
37.46423002050092 -1.0 38883.918851930444 24973.943399718668 1.0
45.40026394222238 -1.0 70657.20863269723 84500.24584512018 -1.0
19.8597881212578 -1.0 99863.85477472028 16687.786515238102 1.0
45.54847945306591 1.0 97779.97783689492 63446.84302171654 1.0
75.1420919107028 -1.0 8197.742459602165 75252.97167352568 -1.0
24.39574476600954 -1.0 64712.55584976812 6471.581106920399 1.0
26.541549341032365 -1.0 96865.4624685323 67209.8631454365 1.0
63.79517615316535 1.0 75081.48236585788 80687.65939583014 -1.0
79.86461837541192 -1.0 92049.67340466565 26921.13750635754 1.0
87.2693007482137 -1.0 33418.34612071802 29183.526007965156 -1.0
26.16513759579776 1.0 64206.37063118113 53498.120468040026 1.0
61.913853304902666 1.0 62533.849678217404 92214.41093940682 -1.0
20.44847119533535 1.0 82670.39543539495 92145.94116229929 1.0
58.91583038247226 1.0 89197.10717240353 64928.62958973763 1.0
20.992987822075754 1.0 46296.701092870986 30190.597906838157 1.0
49.44427040602045 -1.0 296.0604010264212 66854.63549538075 -1.0
64.07965431814273 1.0 41455.546084508365 55471.331865587505 -1.0
27.3462475806107 1.0 69433.86425503984 10799.250858323518 1.0
87.60875488352987 1.0 44616.32170649114 19585.696769780425 1.0
86.3429085847605 1.0 58945.91263523461 96680.6799634114 -1.0
24.546820813687738 -1.0 14019.574532964096 87915.10399089589 -1.0
44.587106335798694 -1.0 12023.776480655335 72881.85373591034 -1.0
54.383121676569466 1.0 38803.246248168834 45130.996852275086 1.0
39.147069527663064 1.0 71591.22713095837 41121.11278332644 1.0
73.39852610102659 1.0 35052.123451692416 81133.1096593533 -1.0
18.3491777371208 1.0 58701.92551717529 9172.252185076502 1.0
73.05774309879665 -1.0 91723.73703021786 13927.000498762398 1.0
32.109553556403654 -1.0 1701.8131949408044 99130.1915941624 -1.0
46.70867338004496 -1.0 40615.593953250296 97393.87206752975 -1.0
37.70152650357194 -1.0 19355.72243674465 15626.52576464021 1.0
47.17422532943181 -1.0 27581.66780325343 15241.238736348096 1.0
56.60210403133448 1.0 13.504992964319396 81068.46612171084 -1.0
76.60500647297889 -1.0 22594.807104815405 44614.013386982144 -1.0
61.58600926163737 -1.0 85886.22597376576 9453.134190351298 -1.0
28.636188316915742 1.0 21926.12288369422 81731.44312351083 -1.0
26.442533206604235 -1.0 65670.47592638615 72408.47372518621 1.0
39.3858500076272 -1.0 85817.13942279431 64236.92201171215 1.0
67.1905341567194 -1.0 51481.56742765644 59905.444372406055 -1.0
48.741872573692575 1.0 37844.16411046323 12576.377982730846 1.0
71.37714579328131 1.0 91279.27222932492 44429.34756202726 1.0
58.09036418093889 1.0 2325.3864168952364 59253.658657724314 -1.0
66.23354308841493 1.0 63933.305275939 36468.72191176809 1.0
72.43041220855977 -1.0 38685.56318994075 6075.275055965679 1.0
29.14893170459577 -1.0 33626.39527666161 63007.889605258126 -1.0
56.306338114189735 1.0 56740.26958021367 41613.38158292068 1.0
18.477855233695784 1.0 1631.694875837586 15661.20893233881 1.0
83.91622139878864 1.0 59112.35780979044 80225.58435044123 -1.0
18.301506089507715 -1.0 76213.5672871874 42827.64298950364 1.0
48.14190589632535 -1.0 23117.816115076996 36970.3224543218 -1.0
33.15089286787914 1.0 73468.32668587528 85196.06137115734 -1.0
56.19674173167202 1.0 69999.44462301681 4104.739466654195 1.0
65.9833450214955 1.0 81881.20853706426 94381.9653765389 1.0
29.088836288603407 1.0 89199.3633636521 72893.48056987836 1.0
61.35842473046559 1.0 34072.078691471645 55193.479197310044 -1.0
25.926703717971968 1.0 41591.195032568154 89495.58694366287 -1.0
35.5557771730957 -1.0 49879.24379477634 59489.68591415976 -1.0
62.6764509028345 1.0 67702.37361353976 37032.121632090886 1.0
67.03982961575956 -1.0 33079.337071258764 44404.583150300605 -1.0
43.58290742310635 1.0 54404.95171295902 82810.10206638381 -1.0
18.82551962594659 -1.0 38142.204633775225 70513.52936541698 -1.0
83.14124719869503 -1.0 43182.522247599816 40825.08620495547 -1.0
27.95113733480123 1.0 42603.73545437444 14830.771168119905 1.0
26.08986286619676 -1.0 58930.45503892901 33667.549846182774 1.0
23.34370002281743 -1.0 86831.97616994941 48226.77139409327 1.0
46.35000017670415 -1.0 46654.37164158467 76401.37520498586 -1.0
51.90562200416505 -1.0 81885.31973807327 44170.78688510733 1.0
46.62586078301797 1.0 2022.3662492711237 83476.84475992492 -1.0
49.2570781836768 1.0 12258.417433676794 78055.76799055738 -1.0
37.00796604582179 -1.0 98974.5915969739 83225.10392123752 1.0
55.53640688736248 -1.0 76289.10473143421 91336.98902758093 -1.0
65.54297251666705 1.0 41333.941745045646 15707.716022056627 1.0
48.56528017023602 1.0 97398.06289274473 51459.38959394242 1.0
49.36297566643496 -1.0 79118.44591899075 64047.10122251116 1.0
22.200997379988518 1.0 46731.048216074414 85714.2334032555 -1.0
75.17288755150219 1.0 34346.7074856554 19328.894376499306 1.0
38.73117841155268 1.0 96441.24807778167 84027.28405331493 1.0
60.469600555369055 1.0 43027.49428023896 85033.0685043704 -1.0
50.52122319433773 1.0 47550.85903219286 57863.09726286022 -1.0
52.90185474742245 -1.0 12146.948909991417 93045.97749334763 -1.0
59.48930917529616 1.0 65666.53777497359 73661.12516001624 -1.0
65.7803311819606 1.0 40649.436263241936 75914.83942945326 -1.0
62.599512070155164 -1.0 26143.79143699469 92654.01760026794 -1.0
44.60647114246011 1.0 55822.78479023177 43901.92472505823 -1.0
72.46015557531234 -1.0 1097.7061066546169 47344.62271845574 -1.0
30.48991774695545 -1.0 26927.376303272176 69380.22697 -1.0
54.96863134094642 1.0 73611.96057059987 75974.59520380215 -1.0
75.44182200250214 -1.0 27617.017995631344 34639.97665676569 -1.0
25.530796144133717 -1.0 4419.679751986893 13860.209546651748 1.0
78.8884315127527 -1.0 80464.69678103246 47637.24019861797 1.0
34.100730650288774 1.0 33265.950948002464 68034.72996053964 -1.0
77.0493789637012 -1.0 24671.2929809324 23695.633145020434 -1.0
28.657893381573125 1.0 47600.09272235781 48658.44497227816 1.0
81.99663800476583 1.0 46828.207814348534 81531.93753372572 -1.0
50.42242229709423 -1.0 679.5099692267437 19694.842396050626 -1.0
64.89939887812696 -1.0 79169.4327747651 8996.873749907087 1.0
32.421441520085324 -1.0 96177.95701729202 39397.22072749847 1.0
21.843576799119184 1.0 79393.95452271211 30825.64244273135 1.0
41.93034003194401 -1.0 7174.7840322300635 14629.894902616668 -1.0
70.96485790878315 -1.0 4224.3011369722635 43477.829176391 1.0
24.69702999377902 -1.0 147.0509559710953 15350.021740343045 -1.0
22.479662311019638 1.0 72314.25953568127 86720.00840423774 -1.0
49.23548684141828 1.0 31572.732786546178 5619.608704549039 1.0
56.30379411794003 1.0 56276.006679906 62869.52612397783 -1.0
58.9862220722853 -1.0 78164.06798187629 95584.7471138645 -1.0
33.956875894867686 1.0 95634.0730835757 17500.045823897657 1.0
32.909084455559665 -1.0 50557.408952820384 8921.48082039912 1.0
30.305289369480263 -1.0 1170.946385783911 27216.74280827179 -1.0
85.53136822799542 1.0 91575.51769359267 18723.901856080673 1.0
44.093687480753395 1.0 36486.22552098563 94162.44930767365 -1.0
57.67655688383223 -1.0 45952.331912909314 56019.49404112009 -1.0
58.76648509177468 1.0 55883.32994913666 28640.753602405523 1.0
25.6111999820801 1.0 17259.36831753957 17859.66436020666 1.0
70.03185233850938 1.0 9617.658643366534 4717.752679188603 1.0
45.26820418961051 -1.0 77457.12047544865 72991.0382193738 1.0
30.146739334447457 -1.0 16331.940636887532 42068.66162541748 -1.0
61.73703816339042 -1.0 14539.065479744817 68415.17964318421 1.0
44.894976365625794 1.0 73749.75760611628 56792.15993939192 1.0
48.569488643322586 1.0 37854.37466663667 33102.070098367905 1.0
41.04692662109326 -1.0 90106.35038228215 98625.04909730233 -1.0
41.184310384274866 -1.0 955.6232843681123 70082.53077687947 -1.0
80.09464812116858 1.0 97299.33140676816 40819.557650882154 1.0
49.247538570714205 1.0 62054.84210796962 64008.64887990925 1.0
52.60206750165048 1.0 68703.87478342786 40526.08251230351 1.0
65.38110270517866 1.0 65242.70708384113 96876.73519345724 -1.0
34.16667788014513 -1.0 7347.171695119925 68447.27316237924 -1.0
71.11299739587827 1.0 32161.401565173208 82413.95139612221 -1.0
61.27058707570291 -1.0 31880.806715125786 38938.8048189807 -1.0
42.07386167446886 1.0 50762.24267510907 74889.08865834986 -1.0
46.64990701004863 1.0 80228.7309572613 59928.57703439875 1.0
28.163231600165183 1.0 43754.49915070273 23190.408959053522 1.0
85.31185892896367 -1.0 54489.675099565546 14817.141675011648 1.0
84.01309518351415 -1.0 5674.779164600385 5217.778573857734 -1.0
48.436464406764394 1.0 493.92487473046697 10301.328870687443 -1.0
44.915768850928195 -1.0 64235.015420831165 92406.68942182731 -1.0
32.879461344141724 1.0 46454.13296985621 48837.95031502217 1.0
65.43141535194829 -1.0 48487.06112780775 86856.59751793108 -1.0
72.66459958164289 1.0 10497.22562908565 91508.63952945964 -1.0
55.54805729501984 -1.0 2666.5724818739855 16857.194028834667 -1.0
72.62245677570206 1.0 4050.1397901677838 31919.917249094342 1.0
61.782156494723786 1.0 17539.405378993655 2622.8098574548662 1.0
59.79893825892017 -1.0 58595.042131020804 7948.478608757692 1.0
61.85676732881464 -1.0 61644.19852612768 95601.74224431263 -1.0
83.66571382794979 -1.0 28722.103139979426 78057.16273041355 -1.0
48.63239397601464 -1.0 27337.61943162435 8707.34593755591 1.0
55.98606504043835 1.0 74137.6255990467 26089.993455471515 1.0
82.27335823057064 1.0 18334.412527911438 75559.61637017548 -1.0
71.75152331850866 -1.0 18232.220014125676 13242.34001208956 1.0
49.92928010232407 1.0 32337.726574254844 75812.68305204075 -1.0
49.8995670475293 -1.0 42301.42104196538 45677.78477322809 -1.0
63.07240868935237 -1.0 44205.9994565215 86153.26329343134 -1.0
61.65879940934015 -1.0 92500.92572123073 24530.772737675532 -1.0
56.99303963017469 1.0 71490.54332746139 64837.551046103436 -1.0
66.84910342723535 -1.0 89985.1992286666 98693.01623518026 -1.0
54.82264442667579 1.0 2219.987357843134 19831.631285458217 -1.0
55.50868868098044 -1.0 38599.219403699455 68059.83548294884 -1.0
24.782452933180256 -1.0 20807.237620377793 63883.875392036825 -1.0
79.13076459051587 1.0 5283.229664229571 95370.98145144065 -1.0
67.45752112156761 1.0 2567.52929102273 76871.81519774182 -1.0
64.71960454660575 -1.0 14676.404791196306 36764.76520961607 -1.0
29.363630153995068 1.0 4984.2688380907775 62248.79501840803 -1.0
22.80620541083153 1.0 74858.78598339629 22132.408342542 1.0
31.56260342111954 -1.0 27552.17884690668 1983.4723396057852 1.0
64.23275450513853 -1.0 35424.48908505616 45081.00980315397 -1.0
75.13038166320509 1.0 13233.594964171225 12073.781291454134 -1.0
76.46706006247209 1.0 37615.381247174904 73713.34030601673 -1.0
24.6581263000243 1.0 8901.673575337933 82171.68733919166 -1.0
21.1811843834859 -1.0 16947.566419561044 78684.99691102093 1.0
79.8340211838815 -1.0 94014.53304410042 35679.02417711931 1.0
54.36669487581907 -1.0 36572.2568111707 44484.56045074669 -1.0
76.53527896032898 1.0 33673.771022457055 3076.9749594196314 1.0
21.342333858925507 -1.0 78677.17512525643 67248.95293183404 1.0
81.58782738791001 -1.0 25733.75371736296 31828.10257833637 -1.0
23.621929113665086 1.0 10424.64117397791 36861.037639121045 -1.0
87.76722300186547 1.0 1140.1239007916897 24595.55897484209 -1.0
60.92306817671008 1.0 70220.1107596757 30555.906950463574 1.0
29.245600730434674 -1.0 1195.1700928368837 15006.96863364772 -1.0
80.010881469242 1.0 11707.013825223567 54427.3141535197 -1.0
69.92440490526047 -1.0 87014.26453110845 92489.41447750025 -1.0
73.74299761254875 -1.0 66155.2581763121 40790.72982447864 1.0
54.95506297635531 -1.0 73470.2954333051 98355.6034966058 -1.0
62.713578959235605 -1.0 44143.0591403482 44120.99698495061 -1.0
61.55432943463096 1.0 77462.6726310499 18433.33105642756 1.0
68.0685950280969 -1.0 99477.34757673272 55616.42781358741 1.0
51.3387420542011 -1.0 85229.3199252775 94136.75807141095 -1.0
47.93967351946954 1.0 40680.40849602167 73101.94792501778 -1.0
18.35395956428358 1.0 27669.51896594825 3512.862448909759 1.0
36.84875645559125 1.0 87077.8533908675 60094.735964085135 1.0
63.04692247740443 -1.0 33439.808739395696 82826.95066051728 -1.0
19.230180129004534 1.0 4288.952714400396 59196.367520343265 -1.0
56.70381459144047 1.0 56104.85904287425 93441.80574106159 -1.0
31.049522317087913 -1.0 23357.488401808947 96064.54898076 -1.0
54.89549122423222 -1.0 72813.34258827439 28650.577797359012 1.0
67.1270723647425 1.0 78097.89721413984 81714.10118943654 -1.0
25.724379412685558 -1.0 73650.97282364774 97432.15412468958 -1.0
20.693520266161958 1.0 22587.25557384805 70707.3167969318 -1.0
70.64269527444543 -1.0 51496.50569747811 96747.38030089016 -1.0
76.21140829579106 1.0 2857.7892528012126 51923.427318860115 -1.0
37.40189909218471 -1.0 8002.85631681038 35027.58253104093 -1.0
65.91057851274442 1.0 53950.74418450083 92848.63922948774 -1.0
58.38004305891767 1.0 1304.108103267365 88219.71288768432 -1.0
73.44296976333393 -1.0 4495.407123602568 91121.91165950283 -1.0
46.02711947834402 -1.0 7681.83960096821 66551.02940145659 -1.0
65.17861929922694 1.0 22846.39909186851 21004.756429195015 1.0
39.73186898789325 1.0 84791.46022854878 59048.67323025451 1.0
78.75044174774564 1.0 87139.89770035286 51226.41408677926 1.0
69.14005757492515 -1.0 31010.09794541346 19252.872707674305 1.0
63.94249863174995 1.0 35684.08397764735 82600.1436661053 -1.0
31.87444648778093 1.0 28983.781733217107 64007.509489208736 -1.0
22.161966562207276 -1.0 41900.96033681011 29643.702722743037 1.0
44.81448247378989 1.0 61663.53148239736 87448.14851249297 -1.0
23.639285882968473 1.0 18287.619173530435 40326.922447452154 -1.0
63.07879718009054 1.0 33648.50051813916 12678.937545967383 1.0
68.48515935539044 1.0 32788.20493266004 63376.11507724835 -1.0
25.26833505203099 1.0 93965.90730229886 54051.86486715183 1.0
39.86879748290079 1.0 8618.666230808747 78901.20559254043 -1.0
87.46491784872472 1.0 65956.15740052833 17942.853338377805 -1.0
64.23640380728011 1.0 68203.61857369966 20840.334768003933 1.0
41.416877052333724 -1.0 98997.75241156311 87051.66629725136 1.0
18.04528293773941 1.0 46171.33595055266 23285.88868708048 1.0
87.10415356540014 -1.0 13695.677236682513 66741.2456091613 -1.0
41.34431715109829 -1.0 70460.1354368716 79001.4017169127 -1.0
53.4594368563065 1.0 82144.42740124698 41887.94080969329 -1.0
53.86216158635996 -1.0 33388.22624625315 20332.765397215324 1.0
81.04956728582525 -1.0 43754.01045830613 70218.13958930536 -1.0
74.3302227310616 1.0 46298.099851463725 83591.0131074287 -1.0
34.130425098197655 1.0 65749.5573484563 99465.96533654553 1.0
81.71757444686409 1.0 84223.8864689479 85953.02740247831 -1.0
27.810013970425565 -1.0 79262.84268151117 29953.208280447398 1.0
42.07693555497471 -1.0 72350.69835991405 13292.415924769151 1.0
69.56788103028096 -1.0 43483.98355959048 70520.63850706547 -1.0
29.79696948264367 1.0 41961.79697598906 89862.5997832505 -1.0
60.58234349871019 1.0 23121.74410898411 38722.69115879946 -1.0
75.48417486135138 -1.0 18851.7736911188 82040.77239124465 -1.0
52.34006151120538 1.0 35830.842523205 11203.329373143279 1.0
20.71230070400818 -1.0 22688.313525028538 2966.4448841491776 1.0
50.79308094548942 -1.0 85826.58024417394 20920.518825958447 1.0
56.46902006009039 -1.0 17730.497622128027 56330.10771724798 -1.0
21.484873690323894 -1.0 47525.819117387604 7279.1270692239 1.0
32.31114335518856 -1.0 65239.81697242342 58850.38903753199 1.0
71.33114433523245 -1.0 22775.614461430392 85091.33553029352 -1.0
49.87959033846668 -1.0 62334.704395248766 69922.44490115164 -1.0
35.6690717171458 1.0 9201.024578432492 44671.78700915285 -1.0
52.66265498285288 1.0 15202.016830242204 79065.36008221649 -1.0
34.5281719340536 1.0 56450.05489622551 37983.95660842433 1.0
62.747936699040665 1.0 29163.900337961502 16828.45647464456 1.0
48.478196021770806 -1.0 1072.018544987563 76638.96431138764 -1.0
43.87922609614093 -1.0 23823.62811825047 31112.427207312954 -1.0
51.499531926818634 -1.0 36394.88275277539 3870.9132037970217 1.0
33.39087645798486 -1.0 64802.30162412605 23089.718658589332 1.0
47.2541976844659 -1.0 52940.11811666062 85184.45620388404 -1.0
32.80869996452124 1.0 34120.38026591151 53682.03359702027 1.0
82.25084149064827 -1.0 41898.19388341309 56043.903916188174 1.0
47.575886686663154 1.0 39187.638464306496 79926.98323004523 -1.0
59.55163792112943 1.0 48377.50541009853 46953.1906141921 1.0
84.72632214986373 -1.0 44957.04304299588 26616.792939717903 1.0
62.10281699332348 1.0 85369.48058048972 30487.88362243022 1.0
83.0805686562076 -1.0 12632.620711190157 57983.855676205465 -1.0
56.876783156401494 1.0 3345.302317440191 62461.73622174909 -1.0
69.35625379126347 1.0 90911.09222955332 71899.42288462706 1.0
64.46371205491926 1.0 44210.00467721776 14296.83924705476 1.0
66.56359744333581 1.0 48263.29491777697 64671.95338349463 -1.0
36.28565805351026 -1.0 66412.82878550902 8124.096775064615 1.0
23.73052045407809 -1.0 80167.3961861672 7071.416023717725 1.0
31.742398511875706 1.0 69257.67031829843 7627.906947933682 1.0
73.488515200799 -1.0 57236.953906544644 20855.628644504508 1.0
31.365610937672816 -1.0 16311.45802644446 14141.741586541844 1.0
53.10822333853832 1.0 50925.77481859345 65658.50200836467 -1.0
81.07602394658586 -1.0 88801.2406209683 9035.620337941442 1.0
76.1779089205839 1.0 32956.18048280452 31268.628399258592 -1.0
24.87251948688219 1.0 99812.23013195499 9693.295998250229 1.0
30.119558004154108 -1.0 75614.76938712731 73966.25829757661 1.0
52.55274410527069 1.0 12181.627041361431 59503.416719968984 -1.0
39.2979212868284 -1.0 67682.03831743033 97444.90965839359 -1.0
75.57159090813127 1.0 33528.68454138732 59848.88105552177 -1.0
21.14764055792983 -1.0 87129.1086009252 80469.69253349805 1.0
52.11459368085599 1.0 67344.59378005004 53226.53474258006 1.0
71.85629473571869 1.0 4519.329936748318 32213.71739703508 -1.0
48.060963117534385 1.0 98136.75950311152 87179.55719409655 1.0
71.36287557517207 -1.0 13299.199093856485 47187.75613247599 -1.0
23.38137039592845 1.0 99809.1058024999 72248.50984027462 1.0
78.48537700153017 1.0 94724.91497360864 82825.101172635 -1.0
71.81035545493862 -1.0 50578.43659500804 31250.793441379144 1.0
65.0802155095516 1.0 48977.19977100859 75325.62978119329 -1.0
59.637659516359534 1.0 79410.92676239825 78035.32710479885 -1.0
27.204330723815943 1.0 16920.510101335607 10601.207827766379 1.0
19.592936576399556 1.0 19805.447279512857 84959.56480869927 -1.0
82.58989050494117 -1.0 71744.0197945881 50517.59433030683 1.0
80.99051367731678 1.0 26731.523845776872 38530.21833674597 -1.0
86.25542825373286 -1.0 91518.25617731737 89804.90961473584 -1.0
78.28218057109207 1.0 4503.140445270093 82626.23210616481 -1.0
84.97053325928495 -1.0 28175.55754611323 80241.57396609806 -1.0
45.1094211085295 1.0 93275.9366811312 84185.50580972564 1.0
75.93477714297622 1.0 30863.207128837923 94387.82892115087 -1.0
79.34515576599335 1.0 61702.704206004244 17024.822617816637 1.0
62.03004424598202 1.0 94528.15586881814 66625.51150736629 1.0
20.58847909443713 1.0 27138.79643149083 13741.333854789516 1.0
62.07947807660183 1.0 23445.027277306606 44914.86991677397 -1.0
32.120137864587434 1.0 39113.403640905555 66416.38431631835 -1.0
31.75363909486358 -1.0 72865.38859628866 77161.4771533349 1.0
77.51842778908944 1.0 45366.34872783609 87473.85222240096 -1.0
76.59621770783775 1.0 35848.6103310275 53464.44900786599 1.0
83.4994345291388 -1.0 37543.61761752755 47247.94681242007 -1.0
68.66997002354037 1.0 42108.00442549404 50433.44361630549 -1.0
77.19131231890711 1.0 74828.71179083362 16637.750969439792 1.0
86.36533265857983 -1.0 13445.519523017658 83408.92377270435 -1.0
23.02886367632138 1.0 12359.673357334399 85227.92303699297 -1.0
56.44365485676791 1.0 73642.04258896048 58509.06211075179 1.0
23.007488984429315 1.0 27287.340305098594 8638.1473009982 1.0
68.2095301812376 1.0 6230.95079207775 49072.168813876524 -1.0
22.945924247367735 -1.0 50766.45149753842 53767.87432178248 1.0
73.29237499567918 -1.0 22099.575448694188 93793.29721372826 -1.0
83.32702114717719 1.0 18586.37758528846 92014.86817769667 -1.0
73.84851460447516 1.0 16007.795217624633 41269.56574501572 -1.0
80.41403289062869 1.0 15077.982457233196 78288.9981272952 -1.0
60.27057960947178 -1.0 37558.049256957995 54051.369218092506 -1.0
48.021467636405674 1.0 95173.56070263361 18405.111108023797 1.0
26.87924900836405 -1.0 66157.34841850367 99981.32342497326 -1.0
25.265976899671077 -1.0 41971.01848613748 17144.284238466833 1.0
32.28091053556043 -1.0 29815.41104871279 80799.9107928375 -1.0
58.58941866279958 1.0 93802.49148121542 5573.927425124892 -1.0
48.19066718351245 -1.0 42964.457417326616 12820.251752588152 1.0
60.32561927123323 -1.0 67888.73739677099 14420.438409683922 1.0
72.40450886525633 1.0 56322.613437863525 58612.2536864557 -1.0
86.70566233376513 1.0 57458.40219232134 25164.275071632892 1.0
52.88013123943079 -1.0 28615.268474268985 89110.57122313372 -1.0
86.32389451690565 1.0 81052.31418356362 45638.566294938624 1.0
61.75300946284552 -1.0 42870.03155605758 97442.77957293678 -1.0
49.88931933709037 -1.0 17350.59989702473 15269.6083025469 1.0
80.4979288485788 -1.0 98434.43605857012 39962.286754302004 1.0
24.618664046414118 1.0 43997.73444632895 64904.6709383104 -1.0
52.427444700375986 1.0 26596.469297305535 72198.33048396389 -1.0
18.11276806827425 1.0 93424.98339103526 7888.491879760606 1.0
38.27646136300682 -1.0 26868.97398361262 74090.67419738881 -1.0
30.00017410220893 1.0 96370.11491628663 89784.02060228528 1.0
43.866625455601664 1.0 61918.565685796246 56835.339461780255 -1.0
45.64837958874222 1.0 72630.4771070544 75765.53364875064 1.0
72.86879411269291 -1.0 24652.813264983397 62050.850912041664 -1.0
56.67844973524909 -1.0 60357.12890298762 46084.947025307774 1.0
85.4341482682505 -1.0 41393.99800032253 27149.16180221273 1.0
56.12881583816482 -1.0 26531.02534601115 12319.57667500716 1.0
50.47930633534876 -1.0 51424.2888248155 83860.17750374765 -1.0
81.82072194355075 -1.0 93173.70764857375 38025.97629604081 1.0
86.92876652725025 -1.0 43454.15776869971 74537.43214930977 -1.0
50.21273335778088 1.0 65912.67647860988 87657.14521509352 -1.0
61.650623210083566 -1.0 30557.506819425882 37853.08662350595 -1.0
67.53803200448166 1.0 48620.503759653824 89523.15169378479 -1.0
86.97002374528005 -1.0 39333.86679684867 60951.959559857605 -1.0
69.05516709361945 1.0 72299.85495848283 67212.70953489846 1.0
43.73677677253269 1.0 46628.04425447603 95028.25020813322 -1.0
57.43930316874176 -1.0 33707.54167630613 12336.8869609075 1.0
66.10116147602523 1.0 44688.91860356105 71271.1107368291 -1.0
33.972856895724185 1.0 1394.3722462522624 95639.02990678948 -1.0
20.154804861698715 1.0 19047.891461137933 47827.19550555049 -1.0
86.31113639977191 1.0 74836.00062956056 61078.27287485422 1.0
68.76772341077316 -1.0 20659.85561730057 5518.559711351956 1.0
37.34585078330099 -1.0 93157.44037762526 8590.493388029552 1.0
68.82004666515604 1.0 33939.154657018924 14225.946143914558 1.0
72.70477776361042 1.0 35709.89792541596 17265.140819740598 1.0
71.2458876694446 1.0 95606.23382930573 5017.502275512431 1.0
28.562686890318638 -1.0 51310.91744440812 37327.93968368022 1.0
40.09412278125784 1.0 46794.162995376646 67028.22989279006 -1.0
83.75528860306434 -1.0 73381.76569509463 52901.00802082619 1.0
30.72806030936908 1.0 73823.80741755338 33111.19601000916 1.0
61.9934548572555 -1.0 75979.84641711903 16464.292725139672 -1.0
86.8176357418103 -1.0 13959.760834485902 92698.50457650376 -1.0
23.593214391169248 -1.0 47973.225536786435 11692.720665928002 1.0
79.34097683123866 1.0 82038.5617865751 6453.6610849664885 1.0
68.00204318696818 -1.0 73719.88875749023 4207.837880129517 1.0
25.23279497061651 -1.0 65348.112572494945 20291.615755866587 1.0
68.11771986845143 -1.0 43004.839908686845 34556.19074841545 1.0
59.60139010566538 1.0 804.7911895170068 96642.66218450386 -1.0
32.12360527563043 -1.0 83310.24892451968 23086.524353316363 1.0
41.24302527244433 1.0 52292.22700806375 21410.0710626959 1.0
40.7056928400047 -1.0 66164.18150071602 1587.988112567118 1.0
24.922994682861614 -1.0 47918.521835777676 93756.57952541523 -1.0
43.20967952398553 -1.0 30866.231316544203 86414.48621755185 -1.0
33.519245242219995 -1.0 39264.40049161717 63835.45449121438 -1.0
35.28487705573807 1.0 48107.22810966868 74434.25391669302 -1.0
74.25519518408805 -1.0 59541.99604413406 64854.69376940317 -1.0
20.554571605804327 1.0 55385.229916217 29878.44370805901 1.0
48.85577324060253 1.0 87940.86963912607 5300.746129311296 1.0
46.90609288286298 -1.0 92744.67565887043 97727.0840720036 -1.0
28.53085736037851 -1.0 79247.95346604606 95444.22632248417 -1.0
78.24741808737497 -1.0 76903.67731173671 66708.47672279991 1.0
80.84821536636922 1.0 92997.76841723746 47010.7845855604 1.0
43.24780832294236 1.0 72003.38364770648 8481.196017963766 1.0
76.61345005087259 1.0 71894.3261569123 40167.24789062229 1.0
54.59510732073749 1.0 56100.437710088445 50833.085139478615 1.0
46.19588320022662 1.0 93449.68264401429 88422.2670747532 1.0
43.359364077237956 1.0 59085.59919372398 64629.22337302667 1.0
29.804064407933133 1.0 34410.278567273075 10788.881047984023 1.0
45.180829997849585 -1.0 45239.48486586252 35966.80650853847 1.0
32.36762519574786 1.0 4245.539510134 59412.29543020169 -1.0
25.614754574201225 -1.0 88539.22400783678 11002.339591874366 1.0
61.691861818455095 -1.0 46660.18706522568 49504.3920991549 -1.0
53.96275664674439 -1.0 50760.45596762925 86113.97623595309 -1.0
76.30111563777726 -1.0 36069.365127457466 51885.02313807364 -1.0
71.67029304649408 1.0 70019.14725569934 37030.597272913044 1.0
36.28939177556912 -1.0 20795.186800616626 5645.282165012489 1.0
64.55003588667878 1.0 65614.86651144858 29394.099027112985 1.0
83.30204543072671 1.0 59894.61624296651 77099.5444041045 -1.0
53.535470429767635 1.0 23997.48844403079 42957.53566286014 -1.0
61.585584121650804 1.0 16191.963695099486 28728.287834070743 -1.0
56.695547940396864 1.0 88432.05416600987 49433.600114784414 1.0
53.328464885934196 1.0 33571.63376637644 41061.9049066608 -1.0
41.75821199490993 -1.0 68857.92773678072 66110.7992910163 1.0
68.46773278899352 -1.0 74549.52578086923 97036.67322489902 -1.0
68.56197928965923 1.0 74646.13097987494 70049.11631922542 1.0
35.350609824157765 1.0 69892.46165779262 98448.12291706512 -1.0
48.35050300374114 -1.0 18858.684140046735 84710.6711076847 -1.0
53.90209618236772 1.0 85187.43437492868 76139.35845798565 1.0
46.80325922148817 -1.0 16581.80321282936 9487.790201163392 1.0
28.50524174921484 1.0 58404.6349620831 20895.74563914299 1.0
58.173265405415826 -1.0 10967.71000214396 93737.62883728501 -1.0
38.27340354766875 -1.0 86196.37349826761 79774.40956195229 1.0
57.628462148782475 -1.0 19491.591724808575 17040.341251565693 1.0
37.333547262067455 1.0 9186.551926282971 57557.61103930509 -1.0
65.46613221723851 1.0 39081.73799781718 73057.58313103991 -1.0
34.526241605418946 1.0 44516.79987995327 24881.25424998976 1.0
53.48513804274306 -1.0 83711.51839123125 34315.609294796835 1.0
41.17662518770976 1.0 46797.67050923999 31071.485548134646 1.0
18.203053126566413 1.0 17719.783266666367 92568.71230959 -1.0
73.27042011988439 1.0 44490.079815408215 94502.84410111063 -1.0
32.540599650292975 -1.0 39823.90514747701 22309.724122845408 1.0
64.49662814549832 -1.0 46054.4747498901 76746.85643401709 -1.0
29.38170206078145 -1.0 40360.50284001847 40418.691838671286 1.0
27.01046905758879 1.0 93357.52559565242 11977.135485740986 1.0
58.00172673490175 -1.0 77627.35174975618 10744.762301880473 1.0
31.65407338210027 -1.0 96462.4119375774 94594.8913379184 1.0
41.27747937331928 -1.0 5902.266560584091 15649.09300590579 -1.0
50.93603479016315 -1.0 20076.67748359121 57298.05868666645 -1.0
67.90370112198373 1.0 88568.31478761416 22389.307426903782 1.0
86.17002049818927 -1.0 61709.71138832762 66167.18600203397 -1.0
83.04110043122205 -1.0 93096.0256616394 20532.251366637167 1.0
58.355508323189454 1.0 97083.35263937892 93273.1433703856 1.0
71.02591852501189 -1.0 72812.0942455983 1834.172724915406 1.0
34.41582831394051 1.0 64876.55228562681 82707.46822624684 -1.0
27.32873466260598 1.0 1189.7801341829606 16031.148941009931 -1.0
20.50017303825345 -1.0 13549.864462064432 73933.60869095117 1.0
75.30042232284515 -1.0 70026.83941369005 53553.55833434555 1.0
21.35341709459317 1.0 12233.166641830583 15579.844912402807 1.0
34.78806206748554 -1.0 5194.981159889422 18252.567642215312 -1.0
81.20975622723154 1.0 98041.82971028266 4877.638230451075 -1.0
35.10364846171474 -1.0 90023.3908180738 97931.02024683735 1.0
79.2743728366943 1.0 89671.55414575788 57165.55861152315 1.0
86.08657702903189 1.0 80818.18660718488 31312.15305668149 1.0
59.32596790938638 1.0 24951.3029512317 66696.98773838939 -1.0
32.22528964376089 -1.0 9454.320616547107 99704.29355671206 -1.0
31.895311105009544 1.0 96309.80403760575 99327.58748710171 1.0
31.02834307236058 1.0 50788.86673864149 12276.413514816188 1.0
58.95952373751209 1.0 62222.74239186918 64887.25271155788 -1.0
49.20545915239896 -1.0 93226.95114177065 28154.1392433455 1.0
77.12077916576226 1.0 30219.162264851697 95031.89664917668 1.0
20.592752258299043 1.0 17189.749693866685 77764.93650677192 -1.0
27.538024094585474 1.0 80846.71305658737 36178.369628955545 1.0
29.958942590236305 1.0 231.39900343169816 63603.4839606939 -1.0
61.48335220707039 -1.0 96448.45592755904 74423.82032199891 1.0
31.895499728325838 -1.0 73862.6886136203 15117.883549213506 1.0
62.75781196691211 -1.0 13558.611015964805 92893.77785155267 -1.0
49.284275449734615 1.0 46175.57097827953 78105.359577265 -1.0
78.81393039039355 -1.0 69778.0344895197 41114.64860746149 1.0
60.94001438777511 1.0 39618.27379166809 82546.23818488723 -1.0
26.272793147914076 -1.0 48037.54475038729 44291.60454101856 1.0
40.26036929372986 1.0 22096.86862553326 36295.63509737606 -1.0
57.20124019056175 1.0 18780.12008030927 91103.63087121652 -1.0
57.53591126032829 1.0 22310.410795615386 76740.3259721657 -1.0
86.24878657172418 1.0 14414.382379765146 59794.63549220871 -1.0
83.75537855223638 1.0 84594.18758399556 24134.6224141999 1.0
81.26644405387964 1.0 65593.7662609988 75457.96693515629 -1.0
51.01728021979647 1.0 3690.5834979147567 82801.72455733488 -1.0
86.99994498901458 1.0 15040.452864749775 21587.041226155357 -1.0
56.99534507279114 -1.0 44744.477993721564 68617.80571227852 -1.0
63.267143745644866 -1.0 38373.95615624663 80571.61848702056 -1.0
21.721747216494727 -1.0 11095.52029744737 52444.4027081708 -1.0
31.71102613263485 1.0 8894.15462297274 18172.332411771553 1.0
21.266056589970248 1.0 65354.17793821645 46558.42593003748 1.0
85.09975381287298 1.0 35348.67481548681 57124.671841879295 -1.0
83.95391701659491 -1.0 39328.49022789898 3154.230977876138 1.0
58.34899589493748 -1.0 2732.4629728846085 78861.8203296588 -1.0
75.704504132508 1.0 39147.00780469948 91653.48491768648 -1.0
36.833793492119916 -1.0 76586.29377977121 80982.87549238889 1.0
53.16500341860405 1.0 25456.707775132592 67469.16860403132 -1.0
59.95479901762999 -1.0 84608.22257801356 40330.19722988388 1.0
47.7259582053624 -1.0 12864.601838919387 56954.17921041644 -1.0
57.67587745427098 -1.0 43805.73384108227 48793.85857950224 -1.0
49.30048448489988 1.0 24763.500342633924 26312.929451089716 1.0
31.603201800510632 -1.0 9103.385284956066 31998.281777762517 -1.0
66.86348723027066 -1.0 1716.9114106407424 50306.292015879386 -1.0
81.69704591798991 1.0 96665.74875594239 64084.95084040243 1.0
20.704759292596982 1.0 84864.52217073114 66283.19076963305 1.0
23.7772287783431 1.0 27214.295559228263 54119.49015172084 -1.0
82.14074991719062 1.0 58080.99092147733 69465.43807139287 -1.0
39.47951898670041 1.0 87646.01726246845 54211.35647772699 1.0
32.725978387131946 -1.0 32341.9451992893 6689.44623828217 1.0
87.06797954248499 1.0 14690.05468492096 21882.540788085636 -1.0
41.24181920166683 1.0 93102.03457056059 43037.61393773776 1.0
55.94861158248733 -1.0 81393.85420789727 54639.20105434319 1.0
62.17341042280262 -1.0 36334.85464434618 64910.877966463624 -1.0
66.68950289293299 -1.0 4619.726472965768 71579.38866111205 -1.0
72.91808180566038 1.0 84487.38230199262 80095.76303681379 1.0
37.77860225918529 1.0 89542.28001514448 43013.45001062899 1.0
56.85662258243503 1.0 35007.91504280338 37687.290938313155 -1.0
53.11251805070531 -1.0 3206.6945851817018 60960.367166576536 -1.0
54.01075873352617 -1.0 59531.01737834478 6301.762089559515 1.0
70.3660328756142 -1.0 4390.668131755082 87915.92823382125 -1.0
65.29107290778717 1.0 18930.75046218855 61382.40569984076 -1.0
27.683714156491682 1.0 47882.641636100576 40424.62241273213 1.0
24.984234332632063 -1.0 41067.19127776742 27250.322915231973 1.0
52.54589952984145 -1.0 43322.85399528621 77193.15604777793 -1.0
42.2981580581677 1.0 47075.91084859878 70442.69711237679 -1.0
87.19642144768787 1.0 51212.5277305913 92175.20554095658 -1.0
53.457875197431136 -1.0 26431.148611642686 37859.46390711064 -1.0
37.620830101071704 1.0 93531.61919851888 49276.300011330146 1.0
75.73398692613813 -1.0 58402.26047569171 74704.51125287267 -1.0
60.037490469656866 1.0 48905.20138616614 52760.21972738577 -1.0
30.72986125857866 1.0 72922.53795957012 9354.27085216316 1.0
24.781022005583523 1.0 76479.87722898659 90085.61506448734 -1.0
21.215806866441824 1.0 53496.00331667854 24840.762404616013 1.0
42.154159754870875 -1.0 40159.25656747962 30610.894243378483 1.0
65.08111597655451 -1.0 3596.3771430344905 73286.21479777609 -1.0
70.83734744556199 1.0 89541.14319558903 75099.47397210097 1.0
47.23978311736305 -1.0 95079.20293928945 88627.65350727635 1.0
52.09493485982232 -1.0 36194.991110763796 23429.890189154612 1.0
55.04786100408282 1.0 57630.447883119254 4462.71550162417 1.0
18.284389731848055 -1.0 1748.264912872921 90488.6031775779 -1.0
51.94793086319094 1.0 96427.50182511423 92725.70791346995 1.0
59.54815961500889 -1.0 24357.385492028083 56076.11405987195 -1.0
22.404976090758495 -1.0 97699.60341154996 46737.37152056102 1.0
87.13468535354896 1.0 41464.64619938375 84761.0729009498 -1.0
60.990124268557985 1.0 18706.445289345862 64854.14336138503 -1.0
59.867265690773436 1.0 92756.35261373055 54483.22757447485 1.0
23.376644669424437 1.0 40440.937441975446 64678.06442243976 -1.0
74.3012529045421 -1.0 22770.88627022438 76174.66791871468 -1.0
86.16872612293074 -1.0 44596.685189027405 7534.090562772788 1.0
35.230110074005516 1.0 12631.928123808955 86035.72585254458 -1.0
74.16769309817964 1.0 10484.174317777972 29209.25000869383 -1.0
82.48263781029925 1.0 14451.768520292519 90410.33988729573 -1.0
63.94582216157567 1.0 80395.95661682879 57155.732762504165 1.0
47.34085748633633 1.0 50005.07490170133 2032.5344026129956 1.0
22.774296888862573 1.0 25239.19598318709 8156.378151747079 1.0
55.23889735354925 1.0 92448.438420731 96145.47144130431 -1.0
54.251110081001436 -1.0 14665.762212920086 45542.140589432776 1.0
64.61061774667516 1.0 69775.24676237714 82642.90154473802 -1.0
42.011672821923824 -1.0 25509.819765313958 38577.5262856056 -1.0
75.96511727596996 -1.0 18325.573354000713 3994.2532576358158 1.0
83.52230980240084 1.0 42850.11047547802 88620.31968451204 -1.0
39.67972537004965 1.0 42700.15032773686 11136.501532164366 1.0
85.30839091529 -1.0 30115.255877923188 16882.93158908455 1.0
40.8333304525058 1.0 21718.564329054112 26931.740333192723 1.0
31.87576829130142 1.0 80829.36678207894 26525.981484444583 1.0
29.166371785258047 1.0 82759.5136269699 53806.61999204852 1.0
58.05910182253921 -1.0 48362.069564436606 83217.18484870909 -1.0
84.54160592009676 -1.0 41852.333809974705 26999.265872505195 1.0
19.529455339125878 -1.0 15929.28565452918 56417.53897661138 -1.0
71.35158528068254 1.0 17567.508605257233 37063.60657102671 -1.0
70.14726974719908 -1.0 65762.14665251288 86920.93503829661 -1.0
51.94584033554298 1.0 38832.39125661292 46968.92802895196 -1.0
30.767470226411916 -1.0 95298.20053922632 98832.7596872824 1.0
43.63198938189586 1.0 551.157365351751 31815.1966780041 1.0
87.39543012761094 -1.0 3565.002438152942 45166.95520378465 -1.0
21.53977648584382 1.0 22884.232422044937 87745.84994171106 -1.0
20.8907774717546 1.0 7985.862789857989 61529.084678556086 -1.0
44.89706920451824 1.0 24162.180443425685 75887.31679807202 -1.0
24.20385465153942 -1.0 70422.88127507498 44760.3942879532 1.0
76.98788112063389 1.0 6172.270408198977 20366.381047901672 -1.0
77.25852910862356 1.0 81267.18893178472 37980.87304066798 1.0
71.83632462830772 -1.0 19424.451077537462 35913.41053614135 -1.0
50.82643626574107 1.0 2944.5212474455084 20900.749517372784 -1.0
46.855858933819654 -1.0 29489.577493237695 80129.48299872031 -1.0
59.090459160278364 -1.0 19074.80251633634 78658.35095306307 -1.0
29.07142838471338 -1.0 99564.120853811 72805.92277584868 1.0
53.207155930803 -1.0 47619.00391223427 80033.24315596538 -1.0
37.36682326148596 -1.0 94140.19400088023 81617.41067907427 1.0
84.121174817458 1.0 97212.58910158182 82747.87135955816 1.0
36.4288361022689 -1.0 48190.616455436975 98314.75465129782 -1.0
46.66996992411504 -1.0 4213.996884141958 67260.59672573156 -1.0
55.95624068767165 1.0 19264.96915884888 46733.02938747371 -1.0
65.31635816746632 1.0 50611.65705755788 14482.380783990679 -1.0
81.65577165171355 -1.0 92742.38406685326 65864.18744797287 1.0
48.7730934163528 -1.0 30710.362575668092 53943.146956885605 -1.0
77.71557854233521 1.0 22761.668166875916 83346.34770521909 -1.0
83.63769144292012 1.0 37121.30169114312 41145.89125563484 1.0
33.853272091604936 1.0 15645.567555155105 79438.01335426289 1.0
18.495175506128266 1.0 65955.78655528229 33908.229757362606 1.0
19.847751084459055 -1.0 1780.2922306911496 96053.55441400793 -1.0
47.63939258846834 1.0 18196.53783256672 41894.21081273027 -1.0
18.852394724692584 1.0 85975.16684637952 94075.02480873681 1.0
42.7389109033569 1.0 33987.088126699186 74874.29177934487 -1.0
60.64057203511215 1.0 38688.99365925884 89870.94700215229 -1.0
28.977607908894974 1.0 15335.917441676716 11187.894396269849 1.0
86.70850747719214 1.0 57454.360800514936 30607.547459523677 1.0
58.060250607811525 1.0 66806.40819448883 71489.46664639168 -1.0
72.7713118111818 1.0 23877.979637562898 80208.16925860319 -1.0
38.34555580593848 -1.0 13112.216353192085 62982.63553383584 -1.0
39.16289413533222 1.0 4715.003520234951 90097.82872661344 -1.0
19.97456041392387 -1.0 99252.54625498214 44334.17895570778 1.0
78.88794136478879 1.0 28159.572205435867 70944.56896733411 -1.0
83.11449718325798 -1.0 6583.8155433189495 9416.1114380088 -1.0
77.61405316642033 1.0 21168.63573104725 16123.422532626253 -1.0
19.984868432697894 -1.0 77610.18335842589 93648.6648372357 -1.0
65.91574803763683 -1.0 76382.35939077123 60340.36064692683 1.0
75.45455531360761 1.0 83252.76751390246 47559.11587551438 1.0
34.694432055055785 -1.0 48360.479458973874 11658.935998691977 1.0
35.55218787407092 1.0 64004.615603244565 42645.019825271855 -1.0
42.80372715090839 -1.0 85044.92843782676 28422.436591973 1.0
28.09547672104899 1.0 67669.16458932284 57722.04862160152 1.0
43.45494309490154 1.0 67770.8924168045 77143.52907478523 -1.0
30.312949488225996 -1.0 3801.922268022806 97970.2117367222 -1.0
33.53046113728308 -1.0 19388.22960225185 55610.771014044934 -1.0
20.658388130098594 1.0 46104.58551977955 56946.4991307371 1.0
50.35360980977538 -1.0 66762.30716686431 78723.42108249204 -1.0
38.9604959274868 -1.0 42135.072057500176 76223.96190557425 -1.0
19.539297047905595 -1.0 61763.523459321426 49459.84299348904 1.0
53.03072050319262 1.0 65933.5735360406 80571.73529822665 -1.0
63.824628757115796 -1.0 50660.53991549976 29299.021717253603 1.0
32.84965916616345 1.0 95470.98897901858 29900.63428707519 1.0
42.986531201213594 1.0 21427.060818212507 4476.270785023606 1.0
58.27432542501323 1.0 26599.055260513782 18963.365826196743 1.0
25.58798914942234 1.0 94512.83501629187 41186.566963593265 1.0
54.071272363306605 1.0 55914.30406652821 50060.31877330305 1.0
45.1754380796833 1.0 27525.243510250817 1939.821489997773 1.0
18.510153616966523 -1.0 48994.403978405695 11814.103945227827 1.0
71.83783994810403 -1.0 31241.19403496869 21964.996212897782 1.0
23.827759617230427 -1.0 71986.36267408854 86375.21268685175 -1.0
21.100834383598144 -1.0 62528.43422366707 66453.22358536681 1.0
27.531352070235997 1.0 42978.35194045702 36593.234038176524 1.0
34.54384647151937 1.0 15392.060998774137 99218.26639896087 -1.0
63.77926454665302 -1.0 29489.423269049086 6485.058873879301 1.0
74.88850298409545 -1.0 41089.74220446592 58581.36059139786 -1.0
45.07382883486238 1.0 42327.86334166042 60769.47222609108 -1.0
26.657127179472198 1.0 19009.948756836413 21383.012666820356 1.0
84.90935132650934 1.0 89627.34730467144 84963.82027538453 -1.0
22.15504913012758 1.0 44967.046032668535 62622.041608842446 -1.0
77.0086098862775 -1.0 14008.38187877631 15275.222655900277 -1.0
20.49257889995533 -1.0 65022.421362356275 38365.673365088085 1.0
69.62827039401046 1.0 91242.06689336238 43255.82919235865 1.0
71.93874053388406 -1.0 87589.04286055894 49203.908181448416 1.0
50.33134816090233 1.0 80904.12405645217 77064.33006937793 1.0
38.83832968671676 -1.0 40119.00572689903 80232.04387729694 -1.0
68.11984662396264 -1.0 68452.97740660557 56446.14331008789 -1.0
28.8879284558531 -1.0 35812.709232495574 51951.79481911885 -1.0
71.76420133564332 1.0 6176.953135791452 15459.864768421261 -1.0
76.92063272359894 1.0 27458.590865209222 8403.381127300068 1.0
44.12620796400215 -1.0 96403.30698966178 20158.84753611531 1.0
18.087646461076037 1.0 98746.71218006528 93393.58145477918 1.0
52.94152489226058 1.0 26345.61093371238 20334.148280260222 1.0
72.94158483609755 1.0 51504.55999686271 77799.47280908223 -1.0
28.476285175123135 1.0 5633.072806226313 48971.46382609746 -1.0
42.43033666751502 -1.0 12434.726812392128 93089.42454583138 -1.0
62.83417221923858 -1.0 41751.28743229798 79101.9633331507 -1.0
60.68501853000872 1.0 4290.779487974417 21167.37163431671 -1.0
41.4426718558113 1.0 6599.107527368353 42667.75984094661 -1.0
45.62408160301569 -1.0 50064.11519726581 44960.16495834634 1.0
78.18965161566436 1.0 15268.906614454692 79238.63487994688 -1.0
82.71532581177205 1.0 83353.39399640162 74559.85653366502 1.0
52.00950324864915 1.0 64008.08186728412 78983.35223768641 -1.0
31.815354796232427 -1.0 18309.804354966764 92089.11701956722 -1.0
18.531655874914303 1.0 74965.82259013252 86668.48822822826 1.0
27.212119578813017 -1.0 19751.871418316237 25478.293292550512 1.0
65.93884162497395 -1.0 35583.73044704272 31207.392850284432 1.0
59.913024155878325 1.0 6171.7510618780725 30290.206277142297 -1.0
49.905072684908625 -1.0 96216.54332607733 67322.60412477002 1.0
43.42524345476962 -1.0 78345.30689501914 45836.01086638003 1.0
25.380472163442676 -1.0 90809.40518830922 69250.50735977312 1.0
34.29158814829252 -1.0 45356.244651879984 62603.979083600716 -1.0
53.505871630328 -1.0 67032.88315180108 91210.04335807779 -1.0
42.79898554600402 1.0 13305.886745888984 79739.40742913575 1.0
87.90891269155979 1.0 32796.03175871186 9162.126868958165 1.0
19.690807902982186 -1.0 29138.210655243358 21124.84808106979 1.0
59.513600448634556 -1.0 76998.66267346313 38638.24694423062 1.0
57.431180504687255 1.0 78860.20435243739 84686.62293173763 -1.0
65.66531511292624 -1.0 77919.37831348766 67836.55290629131 -1.0
79.46082664104902 -1.0 3560.8980667445 33873.058929092134 -1.0
59.055087818811366 1.0 91453.76001125673 17523.70700523299 1.0
72.83247519210417 1.0 70906.05035466266 23458.018500488975 1.0
86.10532004721358 1.0 68973.1022350063 65740.9989126146 -1.0
26.998791269846492 -1.0 2539.2089422984654 35163.25239693296 -1.0
31.116281612337193 1.0 77873.66951740705 28596.709546967282 1.0
36.645652026239524 -1.0 90297.45453110174 31977.344200516334 1.0
39.592342110975395 1.0 87692.9027496868 70744.43158689262 1.0
68.54439404263233 -1.0 52131.83072342077 93687.38989108602 -1.0
59.25070375432436 -1.0 16172.264123540903 42637.22556686795 -1.0
29.873897390083847 1.0 85116.25009654221 36422.893363844625 -1.0
54.139405157526156 -1.0 70851.09039990208 13474.288992058848 -1.0
21.149744937899474 1.0 57279.74465768604 86479.15810654986 -1.0
29.939839513833686 1.0 77672.47332728542 49256.96312888026 1.0
77.61532674965326 1.0 76036.15003833355 54560.879339714906 1.0
46.062783975447445 -1.0 77561.1821502052 3720.2259854324684 1.0
24.456675809271637 1.0 8602.412453426545 96312.07129422072 -1.0
35.69711075616877 1.0 22041.231627370395 31831.32904359196 -1.0
24.72470979018768 1.0 98760.53186243876 6997.683751712624 1.0
30.86618770095331 1.0 18279.707714718097 46303.13043917219 1.0
49.69919478471781 -1.0 98730.63859260482 99165.17335352978 1.0
82.68879765667327 -1.0 49846.34921899296 19061.215475331417 1.0
26.573303038248532 1.0 72764.08934583259 69182.12228780812 1.0
55.28317252337032 1.0 16489.277701572315 63750.607514765434 -1.0
57.13162786416406 1.0 46678.05718011214 12537.796581549921 1.0
28.694831298124676 -1.0 22464.02541998761 71146.74226306783 -1.0
75.49316177032827 -1.0 14793.097847989346 31520.01655340413 -1.0
30.756132005496234 -1.0 82950.17371580709 96094.22825360208 -1.0
59.02484102133665 -1.0 90384.80416053926 82843.7016121014 1.0
77.16810750837612 -1.0 93928.47459689378 63538.23245567418 1.0
54.78447064478375 -1.0 11441.648134968718 22929.48678604536 -1.0
76.03032873806228 -1.0 50624.165817717105 41838.55592105209 1.0
34.338081429577194 1.0 76823.0476359502 96698.88793186776 -1.0
18.140479800129697 -1.0 74564.00983054895 95316.05010348592 -1.0
79.64430217511634 1.0 12341.410101756512 46820.56300307041 -1.0
40.30935290038887 1.0 53366.17612020266 17672.426873624026 1.0
46.20411245949728 -1.0 12585.909305585696 19035.525657433893 -1.0
55.80082770772385 -1.0 86806.93053116297 9025.398316381728 -1.0
28.177887530549306 1.0 37289.28164334103 16260.2779636145 1.0
49.5918110001236 -1.0 98397.98983590503 17137.704226729624 1.0
27.21844661238967 -1.0 69194.72511081464 41314.30645230403 1.0
81.07441772784748 -1.0 88448.01778086378 60436.88714543223 1.0
25.92837297999035 1.0 3521.3396943725716 93025.96202853252 -1.0
38.9046168064304 -1.0 13729.739922622997 39561.33603510207 -1.0
21.11016696663701 1.0 72191.92436112773 57095.06404051363 1.0
28.7367796439519 -1.0 19131.748784192605 4784.534352854197 1.0
70.0734848716763 1.0 22696.054408008615 43459.9405640925 -1.0
80.01548602849614 -1.0 61623.24234149864 31327.268197036694 1.0
60.88432589200475 1.0 64012.94451759457 87040.67777682799 -1.0
50.42054024969335 -1.0 28063.559754225607 5031.0188679759 1.0
20.187394960806866 1.0 68165.36535737751 3110.436119932991 1.0
63.65607719566519 1.0 74529.78756681259 10539.861205006207 1.0
68.80382656374653 -1.0 58103.56035159427 80359.86376598789 -1.0
33.75844393302019 -1.0 74831.43979947167 70153.25719587495 -1.0
33.021100326154446 1.0 68422.35846307813 74448.67973224078 1.0
49.65520982300052 -1.0 14302.006010839385 47607.365449726865 -1.0
58.739953230429094 1.0 71435.6104343879 378.9825460359997 1.0
31.868212359646428 -1.0 30504.080897206797 1816.3933247300147 1.0
49.284018731820794 1.0 16690.13878253982 35421.09839590423 -1.0
26.58906935141145 -1.0 67080.43704575943 83821.32675667488 -1.0
69.79152637432226 -1.0 28531.753208939193 71353.83701538328 -1.0
35.98635186163108 1.0 7243.043462918342 60695.84362154605 -1.0
41.09710658955372 -1.0 2323.451670034704 3726.5186543879227 1.0
30.023743452686837 1.0 25002.88091447359 70889.42371687344 -1.0
24.343515514606377 -1.0 43829.138712925196 55277.263455499626 1.0
75.52928364837626 1.0 72828.23764812564 85813.6762680317 -1.0
67.54519285866901 1.0 34083.89497283516 72045.50510657846 -1.0
20.385226721181372 -1.0 59411.07094552115 23657.383214500405 -1.0
51.62982724118797 1.0 2617.5974853805074 34117.257452914986 -1.0
73.2238227318659 -1.0 94429.70043837838 68720.05973659804 1.0
54.11833005123882 1.0 3864.258856853475 10301.643106608726 -1.0
60.32223736514325 -1.0 99874.33021718539 65600.72040718909 1.0
81.0446212737298 -1.0 64062.85601845565 44492.31609236782 1.0
78.38256002817994 -1.0 44530.85854384485 18137.796336467494 1.0
49.92882455258389 -1.0 68458.81104324742 89384.70410901587 -1.0
26.755673992358936 -1.0 38497.296536034395 38505.84478236215 1.0
40.07516998987272 -1.0 7239.741320891224 68223.63056797828 -1.0
57.74729136746962 -1.0 3268.5190961480816 68409.01015946692 -1.0
45.06918201827219 1.0 51849.89151700087 51439.07382557493 1.0
28.544964478175686 -1.0 24909.995738037793 96151.93343838691 -1.0
25.09020436061492 1.0 33313.35870846803 56637.677564313315 -1.0
40.54166476916099 -1.0 50636.95780396029 19850.354454796827 1.0
83.44370520768553 -1.0 53400.027175643016 44736.60008254641 -1.0
41.246641622965754 1.0 13656.339298821895 33812.92157091634 -1.0
55.71828028296703 1.0 44201.10444334987 50124.60107978557 -1.0
40.59269371566196 1.0 87910.82693055329 95794.71686214069 -1.0
43.246892372089356 1.0 61957.74410200272 48637.003959518144 -1.0
18.122048241661638 1.0 59245.46083846098 52344.80668286312 1.0
39.55697087788796 1.0 50385.577607855404 40889.86362720505 1.0
38.033757361017265 -1.0 67873.40096254011 81140.10977066988 -1.0
25.781382961087093 -1.0 63837.40270352684 70735.93002907628 1.0
53.47798116159622 1.0 51025.15467917447 32538.23264301644 1.0
54.81531737191738 -1.0 63982.44659627116 89786.94317409488 -1.0
63.655344859935305 1.0 35602.64105962002 65866.22646860467 -1.0
84.45035698898711 -1.0 1237.683373778675 71785.52480578689 -1.0
80.95151342178465 1.0 4808.074917110716 77377.49861694987 -1.0
26.9220061341303 1.0 6181.310626291803 38975.88059531635 -1.0
73.92727411623201 -1.0 74491.4245108385 78456.22280362195 -1.0
56.84842765489476 1.0 15679.952385786377 84420.1089572615 -1.0
66.19036225544738 -1.0 29094.575177376857 18592.40953564144 1.0
57.79774831802952 -1.0 5567.038129704028 98407.10019422209 -1.0
66.237199024715 -1.0 74823.24712864598 36777.536795317836 1.0
41.87271747308933 -1.0 61734.65929355456 73113.02549045779 -1.0
26.99238216519524 1.0 70867.17426728213 43516.45383070062 1.0
61.80589038293538 -1.0 75638.52129460468 16100.611199400872 1.0
27.872079590790634 -1.0 59304.19884973418 57694.99746547723 1.0
52.84512029712161 1.0 44482.64795309065 50033.31757901294 -1.0
35.37780565530658 -1.0 19475.31656003021 77267.1240980938 -1.0
20.65905941966822 -1.0 38975.50946464727 12982.333509534128 1.0
25.03125497432761 1.0 97653.98201735348 2652.9854687666775 1.0
50.02942949725876 1.0 42753.026500222266 78945.28705169162 -1.0
24.88916837833017 1.0 31394.325026718594 30815.547668720144 -1.0
82.46683315990317 -1.0 78373.74862599467 91707.43845978618 -1.0
30.74656636929118 -1.0 55789.2441629155 18820.66916737789 1.0
20.21187493310405 -1.0 5131.512663679838 48708.103724176675 -1.0
79.16124641822881 -1.0 82085.09233336049 76611.89845740133 -1.0
43.09898746510635 -1.0 28381.63542671405 3982.779869881392 1.0
31.814016964635535 -1.0 54317.947315675556 6783.0903582492665 1.0
39.138590033208686 1.0 5321.937123981202 99904.75829922933 -1.0
72.49329980531046 1.0 37039.11030195774 33008.71095650715 1.0
50.46351457236701 -1.0 80301.57622668614 15058.971661380849 1.0
54.94727402541024 1.0 91928.92509120627 9934.624753865774 1.0
62.006781608821285 1.0 91014.23418737773 23806.666018982403 1.0
34.682099173700216 -1.0 2526.421714957472 77553.91811058542 -1.0
78.93118680245256 -1.0 135.42781480829768 18994.441293554155 -1.0
80.34589837444013 1.0 35368.72736235404 16298.571812030104 1.0
56.473011955338855 1.0 20987.60587196403 11781.733198882848 1.0
70.94966090813146 1.0 83584.72820305533 92261.23213172852 -1.0
59.14459520350494 1.0 87338.05581852843 37386.537443719004 1.0
21.81316668414919 -1.0 65076.22202885682 59133.82990336033 1.0
18.12337507597963 1.0 23370.243515692324 1386.536173160502 1.0
51.316005815480686 1.0 99524.65412988371 70454.69032532907 1.0
66.94826233151684 -1.0 98659.73425406114 49991.80534362825 1.0
62.004165215586745 1.0 14161.842431850702 93689.69900452234 -1.0
28.84080168093535 -1.0 36546.05059217655 90849.4489883246 -1.0
52.543112136517905 -1.0 61070.73670875187 98020.00240049123 -1.0
85.19940321102521 1.0 16903.435346107588 39993.65353499614 -1.0
69.01945715421498 -1.0 98390.56558509101 14858.952661144298 1.0
87.53302308196471 1.0 16578.619176313226 95403.21758036729 -1.0
41.214309591970434 -1.0 72567.12127938234 76912.22573922847 1.0
43.12012995091058 1.0 69156.57698052726 8872.13981571643 1.0
61.91116023921134 -1.0 86968.90699417748 23142.62541667168 1.0
33.861630430221076 -1.0 72273.6933635424 50757.430355916 1.0
73.38192602417874 -1.0 56892.60578435507 95831.3792241912 -1.0
79.85955149879132 1.0 44134.481698078445 75914.00229607912 1.0
68.51766819835005 -1.0 42302.80226531404 50768.924847318674 -1.0
84.37894672318954 1.0 56707.336084823655 10403.139318274036 1.0
61.49375543786492 1.0 74354.68569524087 61701.97089601164 1.0
61.09911344376975 -1.0 70819.25725423111 90011.77895581294 -1.0
84.90000689382718 -1.0 79787.37361591822 89242.06562408069 1.0
39.20847974512854 -1.0 72854.98229362865 70095.46075114989 1.0
36.20034754860892 1.0 64911.89671443825 53339.59158152749 1.0
30.489676461039913 1.0 66411.00801595843 82819.6637936401 1.0
70.96993941236636 -1.0 96038.12186806774 44694.59635035315 1.0
68.04365819376005 1.0 64553.734046048725 48141.16169787587 1.0
46.13094761981188 -1.0 31308.557762103996 68023.87959034869 -1.0
61.66867308621998 1.0 81294.08324722524 78676.89146070117 1.0
87.36020827019564 -1.0 56269.485798899244 628.4418264999703 1.0
58.06440419175226 -1.0 23933.646679766218 69788.70109327 -1.0
84.25085729583036 1.0 62072.803975941846 37957.7163209264 1.0
19.517794844533526 1.0 18018.597960051175 18673.236503113123 1.0
43.091804640128835 1.0 58942.06736790709 53202.92364720085 1.0
23.34167481262915 1.0 54713.223994557135 95210.31352497148 -1.0
30.686251248222785 -1.0 53274.42590480593 99212.92828605381 -1.0
44.16612323148162 -1.0 38715.192034607426 55208.42946612214 -1.0
62.592692543158016 1.0 33339.71493586758 39258.75445491341 -1.0
67.13459770842813 -1.0 18809.6054550699 26349.482422500238 -1.0
81.0265856610832 1.0 15944.046979691973 63618.755785184745 -1.0
21.4920517243146 -1.0 16220.183081726447 9768.252547287026 1.0
84.06271463925725 1.0 24585.16160826496 41069.65042968772 -1.0
83.38931347343734 1.0 97682.46122566136 56482.59383801053 1.0
50.385425023470916 1.0 27383.445606975933 75617.22141247487 -1.0
30.005435675520054 -1.0 81609.77824885878 76623.06635881313 1.0
61.917152020364725 1.0 48912.7906214441 16975.70182788606 1.0
78.49078711533747 1.0 35853.77236947969 82028.45558463373 -1.0
37.8299604281518 1.0 48498.29201594426 66421.37367910067 -1.0
33.274625247914784 -1.0 88473.62465445916 97757.3453422709 -1.0
63.275543131159594 1.0 3274.583699436839 86856.891311234 -1.0
22.21484566731136 -1.0 5933.342951386678 76280.56704688563 -1.0
23.667712578622826 -1.0 49089.08328620969 1061.3787269252107 1.0
21.636179590947624 1.0 79087.76293756819 67554.96546401322 1.0
60.29943859255334 1.0 94634.70703403722 14109.081638311438 1.0
40.49263219853181 -1.0 77172.76217573792 92782.81311620427 -1.0
19.433580014014602 -1.0 13115.558260859838 75602.42684411477 -1.0
84.56255207563224 -1.0 63791.82000682752 48942.68841690681 1.0
70.60720909355041 1.0 75266.26168011624 9277.985168762127 1.0
30.693274087288078 -1.0 18311.29261322838 408.822316098878 1.0
82.55074590330464 -1.0 58881.324709825756 10048.148538124846 1.0
20.87771176025284 -1.0 21468.343050979645 51771.74590752276 1.0
67.33478604388188 1.0 58234.258918114225 216.17595737221106 1.0
47.93234136784301 1.0 86868.1116636024 37021.15637005404 1.0
57.98432580757543 -1.0 64208.88565241427 61585.11469668944 1.0
24.17233225560802 -1.0 33996.28606006991 28764.19993702394 1.0
48.341284992417876 -1.0 89165.16640235242 45105.84958474781 -1.0
35.233726196635764 -1.0 9871.085099844568 79949.20955450932 -1.0
75.06983158650479 -1.0 38710.25172016053 683.216485805116 1.0
48.582030352796544 1.0 64236.71111927809 94940.82271452704 -1.0
56.680188176576 1.0 6872.7039159560245 45856.85322290167 -1.0
72.68165633805643 1.0 42171.042610699384 60792.65882879981 -1.0
34.20124835649126 -1.0 33939.724281377836 28298.032365210245 1.0
25.978978444015024 -1.0 58761.125956038806 38328.68480148712 1.0
37.69176408767793 -1.0 23175.416001064765 32835.82313842679 -1.0
21.796896032883474 -1.0 74790.75064039363 2443.3631443193995 1.0
85.95689337603069 -1.0 14400.217939304039 8257.792336221037 -1.0
26.801388730287975 1.0 51282.47203440174 93166.35622374271 -1.0
23.09478750865499 -1.0 77429.92936639549 90455.58044141269 -1.0
68.55450049380894 -1.0 99168.25981070116 30473.177555525665 1.0
60.43570113435208 -1.0 40559.863517081554 54511.88578379958 -1.0
60.65000459143198 -1.0 30310.48709167119 85002.82699901774 -1.0
81.05571734254457 -1.0 96388.49411074432 15036.239370483572 1.0
54.390845302777834 1.0 339.98461042272777 94540.48060102916 -1.0
58.616954559212296 1.0 62415.987815135035 3351.846734626718 1.0
36.07696218577189 1.0 82699.29995756222 34076.800994657984 1.0
46.42539465103516 1.0 70484.47669111847 25526.39979154667 1.0
43.756909825572315 -1.0 53406.825505823355 54233.932176419985 1.0
29.141381434172544 1.0 6528.18469637152 45083.85080386482 -1.0
35.83423251730012 1.0 52178.57445826645 46614.914712147496 1.0
62.64533837807532 -1.0 90466.53896857853 79392.9469480151 1.0
40.91501777079449 -1.0 33584.5719469684 47816.65864078556 -1.0
76.45268033763904 -1.0 90185.79961656575 87123.03991859822 -1.0
18.191273194225243 -1.0 44056.74943621067 76310.6252269366 -1.0
45.297808373038926 1.0 63655.26311101388 54289.48816865473 1.0
61.675226549799284 -1.0 34464.21784302106 71627.22372799396 -1.0
37.13174562148875 1.0 73900.95034356113 10486.07249823582 1.0
48.77039554401449 1.0 28480.697188399994 64026.4672820571 -1.0
32.378437863018675 -1.0 63516.73196783576 40956.76805851075 1.0
68.13875223332894 -1.0 27632.54825202751 75244.75102281517 -1.0
57.8080395129201 -1.0 7858.458308365956 18602.821958725523 -1.0
25.380673905502622 -1.0 70028.54456034639 4433.434565385907 1.0
18.410649480020044 -1.0 9020.791433535813 67797.4920852732 -1.0
55.643356519555844 1.0 19713.82531542505 23909.01714242667 -1.0
30.591379319472445 1.0 40842.5909375561 74757.02138452136 1.0
83.89343485797153 -1.0 72115.04040114717 83050.66796257364 -1.0
57.399463857404484 -1.0 39539.823250335736 25720.44096312861 -1.0
62.08631168617524 -1.0 15808.163407888454 59518.895669950514 -1.0
64.456332380248 -1.0 67663.83503606428 53987.063074126854 1.0
46.546729549943656 -1.0 73538.44982549128 42555.64412032788 -1.0
67.4454343502203 1.0 94584.23257986976 65042.02971194682 1.0
47.504194264543685 -1.0 63210.762848397004 83930.98516429814 -1.0
55.01395421019408 -1.0 88104.84935772355 72308.46382897753 1.0
37.05703512017417 -1.0 19888.659765230856 18829.2274515639 1.0
54.938264401191816 -1.0 3054.848957609524 49170.73233847671 -1.0
77.25529751101487 -1.0 78651.8631285514 98988.2539299442 -1.0
20.663380278073838 -1.0 16237.697252728833 17093.545463280534 1.0
72.47975016224898 -1.0 60110.641840974175 39769.07216420869 1.0
49.93972964209617 1.0 65750.2313520992 36844.08238634309 1.0
83.48295554083745 -1.0 83155.49584234832 33929.70801062114 -1.0
18.919916314057758 1.0 21190.615825522997 26398.212900756047 1.0
75.1931027777888 1.0 78924.02967571409 2942.1286847827855 1.0
86.42294378733833 1.0 72354.80030234825 38700.099195538736 1.0
51.341669327236595 -1.0 6073.320261616344 12463.276421864644 -1.0
58.62084600033099 -1.0 43307.493791222194 82450.0766564539 -1.0
