85.51228781705127 1.0 53339.588990129596 61141.446701620815 -1.0
55.111160216119345 1.0 55305.2609645162 14957.6572445976 1.0
32.36270457160937 1.0 79328.19673857871 56082.733706124345 1.0
50.164381670413604 1.0 70004.1984527008 68147.67250104307 1.0
61.656976178084285 -1.0 34636.80739677315 21476.057147241136 1.0
32.37939498398591 -1.0 36815.038945525914 604.808248390487 1.0
56.88100124174448 1.0 79860.3287787327 4433.107356897836 1.0
87.60080369309067 1.0 3237.105553135189 66362.08126579747 -1.0
86.04591463960281 -1.0 53529.939125436 5107.391197154443 1.0
67.19331147591747 -1.0 79265.01328051086 66340.5382551254 1.0
40.681820195714174 1.0 95736.67939461669 66297.2711319834 1.0
23.630992033773758 1.0 95135.41267923746 61284.90927336728 1.0
80.41468314751756 1.0 8802.318228620175 22411.59955427152 -1.0
76.49949016445811 1.0 47467.01973436785 54814.25005207303 -1.0
71.68124850455948 -1.0 41685.77168840643 49703.139122249864 -1.0
68.42728475527346 1.0 76845.47441457167 48645.093566038 1.0
22.04307833911852 1.0 29124.84505479115 52166.86863674771 -1.0
63.80385792591056 -1.0 36980.901769175034 29653.77452594771 1.0
61.51100037847585 1.0 63333.62120341398 24722.33655507837 1.0
64.03913577846075 -1.0 52807.10892956331 35672.665841396614 1.0
45.55791486183115 1.0 36504.32049100254 69581.67399225185 -1.0
33.90453756506259 -1.0 65560.53262227077 23560.083235117734 1.0
75.63215269326801 -1.0 61092.381550541155 10321.823033604727 1.0
84.95667946807048 -1.0 10030.421640019005 42522.29618264269 -1.0
29.57700767697559 -1.0 25436.705955786565 14132.059417418697 1.0
27.878580767767417 -1.0 98629.25410887199 54289.13676921522 1.0
77.57186922756931 -1.0 93162.59988601114 17462.630129418954 1.0
30.717454284018586 -1.0 96787.64641528856 21928.30574811666 1.0
20.988517530227703 -1.0 5795.114854343852 95109.0278800469 -1.0
18.96249023385924 1.0 61832.90141397885 39164.9486461764 1.0
83.717962281544 -1.0 54883.71402916832 15468.62285996925 1.0
29.751841007992297 -1.0 76439.07486452746 47491.901096469126 1.0
28.969881729411483 -1.0 22479.83264634923 56406.192550537824 -1.0
33.75825432080099 1.0 28072.89119237587 63214.111374888 -1.0
53.874686040829964 -1.0 34527.142299354266 3529.2098670998253 1.0
47.90340988169353 -1.0 34863.105777882716 39438.47629673867 -1.0
49.93131115856667 1.0 11648.698491068588 38730.979743764925 -1.0
18.92902524530642 1.0 70513.02172601702 29409.047380151853 1.0
74.32242733370163 -1.0 59304.14403370773 68530.47891820486 -1.0
85.63610791271424 -1.0 21627.437477377753 47565.570467599646 -1.0
37.406957324129024 1.0 43879.828011581456 94189.23856955497 -1.0
57.70515933298939 1.0 11300.863450419474 20306.119802478595 -1.0
50.52549459263585 -1.0 5590.8168416628605 32207.676200693757 -1.0
81.86519801500748 -1.0 65477.37538053832 76969.60074830243 -1.0
52.451179156914186 -1.0 86176.56398554867 27013.979648145225 1.0
37.50427539735511 1.0 40125.42461179367 71919.26231554292 -1.0
62.824615392783656 1.0 92889.91373778462 30064.844610818665 1.0
56.494407114955386 -1.0 31530.528901637645 39028.64214779762 -1.0
25.91360919825386 -1.0 20803.511780584628 69493.3123843134 -1.0
66.01604871981942 -1.0 8057.437635216458 67405.6546072335 -1.0
36.89943237110951 1.0 41601.361626190504 57614.49253374811 -1.0
83.29663662631886 -1.0 38531.84298454119 42106.6674317231 -1.0
82.2553081724916 1.0 83585.85095910491 62804.64897299756 1.0
28.246621284024496 1.0 90928.65277454877 21137.18637532973 1.0
64.83927288097297 1.0 26060.560550526647 2432.427351628197 1.0
65.55467317773727 -1.0 59355.20896153846 28295.267062577 1.0
38.04628956661357 1.0 79738.43819051373 44623.20598279903 1.0
34.58945793277104 1.0 32731.813890818263 48620.323466887996 -1.0
74.32067125941379 1.0 77666.63731311324 47103.984792931216 1.0
79.4781300966439 -1.0 60450.87484375577 19942.122080787496 1.0
81.2527421361441 1.0 60835.534894536955 40927.66646881707 1.0
55.08815331205045 1.0 14701.736947030031 52007.04527084767 -1.0
55.33148360898772 1.0 81642.10683911749 20188.65870448969 1.0
64.22320324769053 -1.0 23209.9839037746 10756.810373488435 1.0
46.956343473244175 1.0 51129.34446519817 95474.90375287984 -1.0
78.80733846933991 -1.0 76717.91985155878 50155.87008217458 1.0
55.78898350604614 -1.0 3504.752546494272 8574.895243151082 -1.0
27.30491695610268 -1.0 3275.9481565245665 61934.90285693786 -1.0
83.5556015656408 -1.0 84477.69654299888 99862.41577124211 -1.0
71.06273435535724 -1.0 12562.636316023567 30855.429753787743 -1.0
39.35660345992809 -1.0 52189.63093921132 26662.144030083655 1.0
71.63929873939813 1.0 69746.65694279734 45586.5193538493 1.0
62.416821213989266 -1.0 37172.59915208356 75743.59507963028 -1.0
41.500583058949374 1.0 24750.336616820445 86741.47898675365 -1.0
68.9943128033567 -1.0 68409.86578878254 94977.14797262182 -1.0
73.07587626045081 -1.0 27896.93650173627 78389.69398225329 -1.0
56.594614559800334 1.0 36397.21543000926 52523.45652867602 -1.0
32.38041670222567 1.0 40748.95145511106 41604.2138862889 1.0
83.85422027921945 -1.0 7815.384723437968 42115.37197971077 -1.0
66.2681515291618 -1.0 12303.774108267884 82202.44760761353 -1.0
20.63082708699174 -1.0 57021.143143015564 50913.84898772894 1.0
31.710814747818464 -1.0 69434.06470732404 38413.43934973564 1.0
26.28450378009541 -1.0 90403.77368150667 55053.094576817144 1.0
23.20163162263592 -1.0 62588.78991544868 31918.689878064288 1.0
67.96938776871878 -1.0 15217.457501173549 84979.81659723727 -1.0
62.33233967467523 -1.0 83646.54718308242 57151.88132603791 1.0
39.839475703548146 -1.0 29773.508172550166 51274.475319000354 -1.0
71.49444354339985 1.0 69333.26015584315 61412.81057186629 1.0
26.487575906749072 -1.0 34827.658139597 96967.09644805203 -1.0
48.49015119805058 -1.0 43748.43695413687 17931.379019369953 1.0
48.11983803688692 1.0 8633.413608902796 68316.55646808987 -1.0
36.48597117684457 -1.0 79783.22499219928 86384.97470599767 1.0
63.54248704175665 1.0 54253.372875854686 42148.43526998511 1.0
71.39355133510108 -1.0 45381.66067505428 46122.94836969305 -1.0
76.0021883445887 -1.0 73742.68353144043 34596.99849552816 1.0
36.71652393525822 1.0 56121.04549038688 75497.04685267482 -1.0
52.3421741297573 1.0 80144.45245083017 55885.169590953556 1.0
63.49532000163833 -1.0 92385.82165194843 7383.64372135174 1.0
32.867805385773735 -1.0 33777.03613677146 87549.98934474844 -1.0
80.45150850084889 -1.0 54967.776502198016 96295.92214447643 -1.0
30.412856407051226 1.0 64997.29869954516 86027.27824012413 -1.0
85.34017019176714 1.0 18468.0996094002 9775.30492923283 1.0
69.32569103617217 1.0 52842.058661683164 57433.39161522102 -1.0
43.85374731642981 1.0 14099.866673737648 87933.72545708278 -1.0
23.04465760207367 -1.0 94078.716950734 80611.10355842004 1.0
26.407052329552144 -1.0 49796.38267845757 31250.945639569105 1.0
33.267920238118684 1.0 14455.022123858107 94784.66681108822 -1.0
64.45768176230743 -1.0 6434.629860580188 91092.19723960107 -1.0
49.5663250371595 -1.0 93034.66381686875 93214.02129030849 1.0
66.09202490470837 -1.0 49025.29362270143 95431.59168156203 -1.0
34.82124923222004 1.0 44756.28207207259 39197.503840173 1.0
87.37706597105245 -1.0 9118.843939601917 45983.57896566826 -1.0
54.57028813979994 1.0 28278.01982081266 78864.39523821497 -1.0
20.54466128102465 1.0 51723.05556647139 17806.84960696345 1.0
29.115418040551518 1.0 97374.22576642755 52277.705043378955 1.0
29.991735351610167 -1.0 37426.70153826987 36564.744193766106 1.0
80.46639176621247 -1.0 71032.78121952502 21861.070356179567 1.0
80.89107390461547 -1.0 1032.1297284694997 50242.95457437014 -1.0
19.463069357703322 -1.0 87784.7510793837 22270.684808164388 1.0
40.52281573320968 1.0 26421.03433969133 72277.71457303422 -1.0
45.74453004118607 -1.0 33777.832162429746 61922.19068214615 -1.0
75.65240816582586 1.0 74088.62330658914 66645.61417004255 1.0
30.543752052970248 1.0 49981.674478607696 83592.19943756105 -1.0
51.4225268463047 -1.0 20697.72415922524 1696.765919519283 1.0
18.188691685541272 1.0 87273.11306744127 97491.28900424388 1.0
38.31541985399602 -1.0 28336.19183223022 88236.6919617448 -1.0
86.99013188179667 1.0 25519.39721514771 12008.712816452738 1.0
45.19857889592599 1.0 88981.4316256236 90880.61474463972 1.0
34.94092696795377 -1.0 9287.859437927948 59443.32681973108 -1.0
60.55418473443157 -1.0 56953.05484900596 76073.94567182093 -1.0
37.481304364707995 -1.0 31965.039277633266 49901.283050499915 -1.0
86.2136949012985 1.0 87087.98051215021 43175.57116983931 1.0
68.29539173039075 -1.0 35528.53355591729 38151.306754796744 -1.0
27.3433501838147 -1.0 79531.20822652691 76812.64512606479 1.0
25.313821388390075 1.0 38447.80979993442 77849.70206778876 -1.0
27.578801483309483 -1.0 99275.238852376 38930.2013065561 1.0
63.64414189197048 -1.0 34365.17312324246 46428.87463168912 -1.0
78.5665787019511 -1.0 50962.40896057427 72827.67720284502 -1.0
38.40377695903066 1.0 16635.903747750057 37029.80176881764 -1.0
83.16952059816794 -1.0 89368.78275770832 18084.34205544611 1.0
19.54873120119281 1.0 82259.71340688659 92791.73858240298 1.0
31.550656128822137 -1.0 90718.37160598126 24445.016639634687 1.0
59.999987441934394 1.0 57386.567999650295 29994.391415761078 1.0
40.55004601788117 -1.0 6258.433250154183 79517.7140002164 -1.0
79.1802868879227 1.0 85086.73086820172 13465.394782567608 1.0
21.304802465697932 -1.0 75430.04307043782 85399.62533749247 1.0
45.2068773303879 1.0 74533.21858840017 48233.64943478128 1.0
53.46874128923412 1.0 61968.036844276554 1467.6991032674835 1.0
85.67682595255681 1.0 2994.5856992340646 48256.04433782143 -1.0
34.54970355623536 -1.0 8515.161610439647 83821.0275374767 -1.0
82.32670295337698 1.0 84343.3025104886 49653.22481876367 1.0
48.85501588891397 1.0 20033.683982792383 84041.77270116632 -1.0
20.61164747649682 -1.0 56065.00653434983 52396.86599220002 1.0
47.104248442281516 1.0 84241.45737056648 10816.042884003507 1.0
78.29998649024566 1.0 5577.792927027259 96108.67868113908 -1.0
67.0944831609888 1.0 93944.84389840398 41272.13343889722 1.0
78.77712983144417 1.0 63992.471108344536 54450.8339141726 1.0
66.63921364201661 1.0 17259.300925756892 83926.535893082 -1.0
59.076457892865776 -1.0 69553.74885435004 52737.86263949057 1.0
40.70233773222898 1.0 10125.869994710723 77432.02743679844 -1.0
32.180207631957806 1.0 76276.25420555052 95495.58122893353 -1.0
44.63916948890264 1.0 36974.18093161483 77433.90808500398 -1.0
81.1113345373241 1.0 14733.43231552936 62823.52035367914 -1.0
21.32758410760178 -1.0 94523.242349488 57462.80829622198 1.0
55.79718585668776 1.0 29836.111947336507 20382.21858282021 1.0
75.57217884032707 -1.0 99974.40079018111 41531.099663282235 1.0
85.26199408645545 1.0 59240.47676590193 11788.021353182276 1.0
52.27614137785227 1.0 63469.304749952345 7497.243183272962 1.0
60.3413705682728 1.0 57337.96948296144 6000.489074973802 1.0
26.374894865655754 -1.0 6802.93073356022 98862.16239776622 -1.0
74.70735429443558 -1.0 83953.76382432063 69143.50215246307 1.0
62.63852826656538 1.0 72840.28318408027 29084.38478073222 1.0
36.644098474945636 -1.0 79304.81378552664 27783.98795111443 1.0
75.42930511497374 1.0 43040.123639620884 54702.99506054246 -1.0
39.68570521323355 -1.0 54810.83100119474 2001.7116472909936 1.0
82.03638293532497 1.0 26702.165186525097 47173.674395585265 -1.0
30.31192435714027 -1.0 41821.345270142185 36672.32208666473 1.0
30.320053331075304 -1.0 30424.110688548546 23134.361003077775 1.0
59.60676244177754 1.0 50206.39945002412 53977.40559783071 -1.0
43.488535601395256 1.0 98640.92212896445 33516.574214369044 1.0
25.741881780890495 -1.0 17445.04456070075 80584.561996581 -1.0
51.56210700662803 -1.0 16164.19569080444 14625.403295848206 1.0
19.93184453696878 -1.0 57296.74444137522 74569.56092607218 -1.0
60.538189254621834 -1.0 10748.47964864436 83995.96503757662 -1.0
64.9740012788028 -1.0 47399.56644648037 30062.649568397905 1.0
62.76031473718114 -1.0 58015.8499732523 27846.663078962974 1.0
21.208291246967768 -1.0 8375.480729319095 12089.63933994438 1.0
20.693392694681013 1.0 41963.55537223384 25927.874317271093 1.0
36.15892168388722 1.0 5479.341048650099 35694.030782500595 -1.0
40.87754970945862 -1.0 87110.32055442047 37354.46947054008 1.0
30.95496234184185 1.0 63978.64028094503 82709.21065403662 -1.0
67.67041477943437 -1.0 40100.86226911749 6072.3106935228425 1.0
20.72610426498619 -1.0 62086.08565102699 51498.58467283616 1.0
87.7118137913042 1.0 63025.15515980165 34775.091771583335 1.0
45.58863356099657 1.0 81883.61936358864 29819.722592604016 1.0
38.54302406904007 -1.0 71415.64933936755 75442.56266594234 1.0
62.01234175299904 -1.0 7094.620224441961 59602.51190062471 -1.0
76.62597153293615 1.0 84287.72537703495 63829.873151110274 1.0
50.02411719725957 -1.0 31174.462156265283 4701.589418253704 1.0
26.908880419035192 1.0 61299.43236675364 76612.48614603464 -1.0
41.76221526205963 1.0 56608.13548982296 35295.422811972014 1.0
78.91609388114406 -1.0 41683.451884374255 71569.66657216183 -1.0
52.346176832995724 1.0 74727.76090994597 57428.9760476589 1.0
47.29819986634912 -1.0 99014.22069995827 68913.49391515856 1.0
19.5740336299581 -1.0 28527.62219024566 33198.88606919144 1.0
69.7988808893283 1.0 37117.855718000224 86049.49398677165 -1.0
58.94954240853093 1.0 87013.88843258999 8925.82547104046 1.0
83.41225332996264 1.0 14003.46722417536 6112.921962679585 1.0
23.6494077607832 1.0 9912.680044996914 96248.28111760016 -1.0
29.5746705816504 1.0 34172.84491951554 82368.43403117244 -1.0
31.052406830121363 1.0 13824.203348087538 35144.57587999894 -1.0
65.54116366691181 -1.0 84153.55034650916 18079.33832924754 1.0
23.654213227364956 -1.0 80937.83106947113 90964.29075199214 1.0
71.96063698334873 1.0 18037.75417994139 61140.442442336374 -1.0
26.728127061110165 -1.0 6571.483458726646 39504.281457438374 -1.0
65.29952032988223 1.0 25375.294833969598 63647.225265627516 -1.0
26.158700808958486 1.0 5454.739990447221 5711.519955178923 1.0
62.95113955558207 -1.0 73389.0547213892 31557.91477319694 1.0
26.20795778675145 -1.0 95087.67245799289 89619.07650775366 1.0
44.07883958040168 1.0 46472.998443838944 90491.95468017389 -1.0
68.86944731666915 -1.0 78436.70351754667 96718.84948166237 -1.0
85.9869802695163 -1.0 91226.27263052906 82103.30283606138 -1.0
34.13268904564009 1.0 40803.06717718065 11187.8003242327 1.0
72.25319745977802 1.0 25533.00048453273 84114.96645610887 -1.0
58.389559908842855 -1.0 52731.95025672298 50056.16597152442 1.0
74.16278375667729 -1.0 79143.90200475615 38583.16298152897 1.0
25.030171431209777 -1.0 14629.99414061098 86513.2837319074 -1.0
19.465455787773507 1.0 68349.39841067769 68382.03162968677 1.0
65.87585237988047 -1.0 81128.53026219532 65211.925038291076 1.0
39.1382146793122 -1.0 36517.154603517985 6855.089992218665 1.0
33.424890748963584 1.0 27470.69618992025 71071.1369548514 -1.0
87.66509772183939 1.0 52666.103248211315 58390.73703966099 -1.0
80.89625489003424 -1.0 39359.433649472994 69243.07846940921 -1.0
41.986681473811345 1.0 67691.2560989954 35508.32732906337 1.0
22.25604362486406 1.0 77127.05463394162 33283.36482925822 1.0
54.99150975926545 1.0 11899.569694947997 77315.3923376132 -1.0
63.06736726707394 -1.0 95199.1374347847 87902.71467675203 1.0
74.82158759291639 1.0 13658.566891314027 50054.49093156496 -1.0
56.324066275924494 -1.0 18114.78556372744 17661.371364349387 1.0
83.16467138725972 1.0 92618.1197597688 89026.65457449401 -1.0
86.20626412159072 1.0 25418.250562882695 41409.101898512316 -1.0
68.17367144730167 1.0 50705.59784950544 44697.255683309355 1.0
72.87584518765772 1.0 61446.660819346944 55816.393736328806 1.0
49.67640200660628 1.0 62512.59362997216 3782.4739770580873 1.0
34.03259891968516 -1.0 22672.306188069546 58597.648990032016 -1.0
74.62929151777311 -1.0 39343.78311497731 58667.50728223236 -1.0
69.03523904577597 -1.0 30966.115352828372 25481.474891462018 1.0
38.732090652412175 1.0 11495.082575814531 20940.160610793322 -1.0
24.28858445451214 -1.0 19504.26372181344 62405.794692109084 -1.0
62.17585258241192 1.0 65333.9786876733 38617.9506897438 1.0
24.410211392765284 1.0 59757.10844825292 49604.67155731645 1.0
60.83985304899961 -1.0 79936.20672473128 17326.349592488434 1.0
59.580885513764414 1.0 71124.15097009536 94798.07002743814 -1.0
79.7869897091824 1.0 919.1053269585692 2411.581602956836 -1.0
47.11745751728876 -1.0 81192.1993442778 69548.02786738446 1.0
21.15785704612648 -1.0 9675.151039121933 32924.7559160328 -1.0
67.66366999297622 -1.0 79656.09071585136 35754.819322468014 1.0
84.67759323863785 -1.0 32534.764867329126 56687.418830823866 -1.0
85.93499308171752 1.0 17611.435221644555 49921.63890748063 -1.0
63.330646605613275 -1.0 17405.92916600946 53492.67918446171 -1.0
75.65194489690217 -1.0 34805.28856875671 36336.23046865196 -1.0
83.17279624272398 1.0 65331.74278277227 84916.30633716144 -1.0
64.06950361378662 1.0 72464.56612428256 97114.96289367483 -1.0
76.71698320203221 1.0 75247.17318073797 68746.88156314967 1.0
68.38401963149758 -1.0 44342.69374755556 75147.38549641996 -1.0
61.83170331995008 1.0 1334.9574865961667 76306.96793414009 -1.0
35.21695460416522 -1.0 90366.68155299698 69941.59995052805 1.0
40.42951624784574 1.0 38467.08787364198 88981.49634227033 -1.0
34.14238911730376 1.0 42303.78976896469 93684.1818671207 -1.0
40.854452745731294 1.0 93865.06276879016 7470.547953471551 1.0
82.72961992572615 1.0 41386.726493311864 96045.24737643207 -1.0
18.983493369132614 1.0 75407.41513480665 17850.915810129853 1.0
81.36922060888321 1.0 74951.11479749942 38784.140473142696 1.0
39.242460752143295 1.0 65327.57892336263 73981.23844797137 -1.0
70.55394064801249 -1.0 84251.42306857226 46024.49479513376 1.0
63.18952055946443 1.0 27286.333732013667 29703.339681550588 -1.0
54.98898226472221 -1.0 12204.749953397099 74119.8981350246 -1.0
26.545378760797266 1.0 23184.469714777922 18061.709505351188 1.0
34.84637860048723 -1.0 31939.79432613493 15765.004371802017 1.0
29.459526680907462 1.0 63096.223165196905 42534.85036494635 1.0
81.23242206512853 1.0 66009.26657215951 72573.39585578268 -1.0
40.06788087520356 -1.0 47739.23293868393 6924.830984413721 1.0
78.80831373185657 1.0 20686.30146930813 11110.62120677503 1.0
68.52614563522835 1.0 10232.070505793401 33175.00056132917 -1.0
50.83580142537316 1.0 4829.810948368007 82529.72619534434 -1.0
32.26727292623758 1.0 32818.52779260465 37657.40276248959 1.0
50.0812299179993 -1.0 64410.97203017264 80856.74389159502 -1.0
21.94420233363865 -1.0 29639.591847804935 27994.5479693644 1.0
47.45873996813471 -1.0 12807.838732900213 73605.33886894787 -1.0
48.67756747487955 -1.0 5297.184520502685 91274.32577301128 -1.0
34.58088251040447 -1.0 17256.941787893964 50888.55729996472 -1.0
36.27023426941595 1.0 82994.51729283627 69372.9327136816 1.0
74.73663270125591 1.0 45804.16269795901 32894.827320464006 1.0
75.45359278318995 -1.0 48575.35955674522 36119.48788091637 1.0
38.207857350101285 -1.0 17336.082587078905 79110.20723495854 -1.0
63.71577062053232 1.0 98570.37625305865 42268.83750828164 1.0
44.719498364516326 1.0 5998.5299451202345 1633.3431837213252 1.0
49.93209420712561 -1.0 61933.02020421243 62764.48621068033 1.0
49.37163371801827 1.0 53164.81169819569 82769.17210137074 -1.0
66.82274455526414 -1.0 23589.879646243506 87920.53874725835 -1.0
57.65782712787684 1.0 66852.85832054046 44213.60598315084 1.0
67.31323423136425 -1.0 79245.10003008002 49118.890216639666 1.0
87.01558648177549 1.0 95504.21055216552 82798.05803380252 1.0
19.534445852898788 -1.0 54418.84669742948 77318.49899553086 -1.0
37.746722680993955 1.0 77951.0999690339 99511.98619128623 -1.0
71.72754375093582 -1.0 21200.598658420477 62820.312499788146 -1.0
61.54055954837817 1.0 15754.780906821275 64495.33238751181 -1.0
42.09997494932 -1.0 27346.749452325235 8324.080059362093 1.0
52.72040499165421 1.0 76334.84553239525 55685.80581454937 1.0
57.95027705856687 -1.0 98623.50924382634 82094.81480263703 1.0
51.90456904250068 1.0 90232.73289948543 59003.45888753769 1.0
38.85821546493045 1.0 91457.42030043599 98294.26275770452 1.0
72.90286646971671 1.0 8769.336906208559 99114.05905094084 -1.0
60.20473314560941 1.0 1136.3013249872656 91590.80616129842 -1.0
53.58236000424264 -1.0 7644.340849834331 18971.453624954625 -1.0
86.35868417115691 -1.0 19075.25719948775 51159.36691886921 -1.0
76.33752946454109 -1.0 12894.453160489627 92973.15768502238 -1.0
38.36220584914635 -1.0 71400.20133963566 99739.54322568858 -1.0
70.37417026753587 -1.0 47889.27722630193 32863.17953452405 1.0
27.76620211458639 1.0 45653.36464040487 56784.78177669791 1.0
74.24355896188247 1.0 77209.21976022849 99582.87065083385 -1.0
55.66889788745656 -1.0 34996.005518604165 12471.849828933578 1.0
34.1643161034954 1.0 58477.715186407986 50705.12880680504 1.0
84.79550000520997 -1.0 29501.493252005406 4822.5811092434515 1.0
86.34804515468757 1.0 26216.145498803846 32190.745793300903 -1.0
73.5829839050536 -1.0 83788.56913940277 65654.42599979248 1.0
36.59602852430855 1.0 35420.33817770342 21523.722684698278 1.0
78.42735321327552 -1.0 98995.66218070533 46233.97329169281 1.0
73.33716603281286 1.0 31113.870878148486 2298.2830751563934 1.0
61.749245360019536 1.0 65638.08127240416 91883.1071316739 -1.0
70.08944231689716 -1.0 84378.08290334036 68969.26981160337 1.0
74.2862604169188 1.0 6250.852623518499 80216.497451247 -1.0
24.379282236618455 1.0 76450.38249050362 70746.39064466192 1.0
64.51720176765154 1.0 25355.770709114455 34568.25853259608 -1.0
30.82938428099122 1.0 17562.385451000362 54788.45640883649 -1.0
31.11539052643845 -1.0 62128.03615840843 46236.01853888782 1.0
36.60639629774603 1.0 21448.236673265565 44800.76117498971 -1.0
48.46004539440521 -1.0 91686.09009050322 34416.640127980616 1.0
57.85833901833594 -1.0 85071.92075430248 50121.32939026619 1.0
66.64571712448699 1.0 19872.561998391757 31539.284419719905 -1.0
84.1250102223796 -1.0 62775.46298549435 7147.307312639628 1.0
41.86022617737704 -1.0 91823.8895085613 80567.59812597727 1.0
35.47157477020204 1.0 88027.9315052829 82715.574807643 1.0
64.25439737769418 1.0 71314.01908194138 25385.751012067336 1.0
50.49421619455577 -1.0 19713.854637757322 18777.417669626408 1.0
71.76395544833487 1.0 82397.89214948249 48894.86231755737 1.0
76.8893992262594 1.0 47668.1841709177 49545.29914967963 -1.0
39.53843940019496 1.0 73516.37809711577 74490.54210736376 1.0
78.0305161700687 1.0 10258.655612816936 19650.08043134837 -1.0
24.327042950717875 1.0 24155.87446039835 98126.47551454317 -1.0
67.96094252259056 1.0 61587.409517650216 25743.20334705601 1.0
33.94956297345988 -1.0 92771.8534124044 17644.16765529122 1.0
65.0522326012348 1.0 67547.1909363672 3897.074063139705 1.0
70.39311260202477 1.0 40745.38074319089 27183.798607388908 1.0
21.052282007806966 1.0 45101.44858740392 71156.49707324462 -1.0
38.746584012423355 1.0 7225.088121496748 89441.14218356795 -1.0
66.98068597866936 -1.0 70612.60997141196 72039.4081161083 -1.0
56.857350294828976 -1.0 70832.31180215502 37856.69166318095 1.0
67.271350149102 -1.0 52470.59559372725 67950.89780159974 -1.0
44.845425956882806 -1.0 91409.29907368966 69522.61465528369 1.0
54.05890480076319 -1.0 93377.1915844163 56915.48936376626 1.0
71.1923548974332 -1.0 61200.94263372628 39785.89554595346 1.0
51.46175192931356 1.0 94091.66299161015 1408.6184684562797 1.0
44.79638022809198 1.0 14648.06302151458 77861.9916715705 -1.0
85.96376245946054 -1.0 46580.72096624437 68249.67058007946 -1.0
23.97323309684684 1.0 57704.078600341854 8291.060220232182 1.0
86.87467730887914 -1.0 51301.832177646655 32259.317179394853 1.0
36.92341104814409 -1.0 1812.025304274556 23494.702741654317 -1.0
61.770084424160416 -1.0 69073.74829012928 37415.00183545251 1.0
18.68215276135109 -1.0 59796.72609588762 24739.19549482808 1.0
78.61600041617885 1.0 69179.24590265799 13033.146342132928 1.0
44.322182946236985 -1.0 44972.75333011923 40653.73006349853 1.0
68.86113214501353 -1.0 98829.6654016946 58426.99754976884 1.0
71.3604911050933 1.0 13015.715682571028 65134.105045244796 -1.0
76.40697347329018 -1.0 21732.977663339047 7704.017939969721 1.0
42.42319383782791 -1.0 93493.41625070157 75718.22964466653 1.0
65.52987292578788 1.0 23542.111643595155 50049.40945226739 -1.0
21.93276393721156 -1.0 36590.286106789 16633.51928256477 1.0
50.400903293955274 -1.0 21141.429859645887 77017.03298550432 -1.0
51.871708674984134 1.0 52702.07131340383 42754.74068902674 1.0
48.85033325950086 -1.0 17639.131853670555 41903.61576226875 -1.0
48.53168704884252 -1.0 95253.77551415302 62559.52119016759 1.0
57.440919965893464 -1.0 81001.13543179854 28351.614739467936 1.0
43.60153855410487 -1.0 78401.85341152018 6216.340635489015 1.0
22.04275637413116 1.0 27327.942274925656 61901.00003180159 -1.0
48.89068623506286 1.0 36713.630976153414 36397.95555736615 1.0
65.17332128518416 -1.0 39243.270493933866 34179.37482851748 1.0
62.82542684726923 1.0 85463.65079747088 1201.1818453255164 1.0
58.54865518242302 1.0 72094.17874920406 12558.90833125648 1.0
48.213562582263066 1.0 82565.08617906674 34220.81533916561 1.0
73.79454207342698 1.0 2975.449465071067 76094.84324217962 -1.0
81.73946009639997 1.0 85572.478280857 64654.64006445384 1.0
57.460812462597325 -1.0 80047.9963599361 95944.80965725814 -1.0
72.57307186784037 -1.0 58712.78458385883 85084.42905509312 -1.0
63.901763630529686 1.0 53795.94646066761 4324.047118977559 1.0
70.8024200064371 -1.0 3894.670675695877 99642.42015942364 -1.0
46.17981817231741 1.0 56901.784168677026 29108.972157207503 1.0
41.45301694257023 1.0 42699.77017007342 98557.76805501641 -1.0
21.82993716940235 -1.0 14850.485615360387 68530.91317232573 -1.0
64.45126677974913 -1.0 34298.039273341485 91370.98236992689 -1.0
69.53905503741927 -1.0 47208.41768514853 58755.65933055541 -1.0
80.2719882067102 1.0 98581.33270610508 99381.05622510907 -1.0
18.69115623477351 1.0 54447.757959425035 28202.744352848276 1.0
50.436839901719004 -1.0 32828.793784355104 55043.55099760105 -1.0
77.4891345160591 1.0 4023.0949103931434 87196.40045745335 -1.0
70.45940802980402 1.0 93493.35600066371 2980.51391033346 1.0
19.20334375305284 1.0 90565.01904272074 73965.09359898936 1.0
79.94380994387978 -1.0 82058.44921508065 82201.86516623142 -1.0
81.79583711752325 -1.0 34117.61400436191 1928.0883222216548 1.0
87.12354814971684 1.0 99038.24981429278 4103.366333980951 1.0
57.132981615854206 -1.0 27861.3789790328 31641.99384376084 -1.0
73.80986795753556 1.0 63070.967902589895 69988.10374994566 -1.0
77.95861799148899 1.0 33364.83537404641 36409.9581408483 -1.0
74.94757534337245 -1.0 71417.53786272224 75461.1016843537 -1.0
47.576255039308606 1.0 2611.717777255229 21217.338149492905 -1.0
74.47164915446413 -1.0 23008.77262249036 4608.7040236593375 1.0
35.533302773929215 -1.0 13988.407779255407 48774.311731482325 -1.0
46.05168711668289 -1.0 72137.22791236939 42319.51898079085 1.0
77.46140073755004 1.0 38931.328767132436 38071.722750020184 -1.0
74.98239984961876 -1.0 98145.90321784021 20453.412668566518 1.0
53.175563004598956 -1.0 43374.59592444409 56677.46349892203 -1.0
73.44549886548344 1.0 32492.294275059085 95655.70627707586 -1.0
42.11571449115198 1.0 80582.37367244609 60664.35029991282 1.0
87.57839500779798 1.0 21462.383117048823 13856.331449777359 -1.0
66.79478074435372 -1.0 67159.51873159497 2149.284290927578 1.0
61.72772482108728 1.0 59041.16847763462 8385.480428550063 1.0
21.605597681038642 1.0 37592.6712621637 78598.39635983185 -1.0
57.64458572385554 -1.0 87281.03239114961 71538.49715384531 1.0
40.401815142943164 1.0 34104.38262447739 64698.41686465888 -1.0
23.22509646128995 1.0 39900.915035254504 64857.77249672896 -1.0
43.642868694112764 -1.0 85418.10754071001 26059.51697060034 1.0
45.53153422591422 -1.0 76803.15534118708 6028.674863043681 1.0
42.8632222848921 -1.0 19705.64500027745 59251.97046644255 -1.0
19.460942137315325 1.0 79820.39702485359 4422.567765232077 1.0
25.502101087281908 1.0 32803.2132925583 20313.367949983785 1.0
84.72479788890186 1.0 60332.59937067238 5646.371524007399 1.0
67.03634964182729 1.0 17223.510132612584 30153.872259722946 -1.0
45.77067117965864 1.0 55342.25286612368 60903.464066168075 1.0
56.43301183749411 -1.0 32346.689584386 83573.02487748994 -1.0
64.68171917846719 -1.0 87478.05874257894 13034.46039361471 1.0
47.574625955640116 1.0 33333.45156399379 69986.79309502816 -1.0
68.41939892497118 1.0 78500.33471221892 53620.75781256948 1.0
58.1611711407457 1.0 52622.57124438519 23652.234887499522 1.0
87.03937674673101 -1.0 57943.089127093226 71151.37579105614 -1.0
61.69842370076973 1.0 74119.95580366584 28021.44675174004 1.0
57.43777453791705 1.0 49176.28156529037 52704.06602350042 -1.0
30.053428294604792 1.0 54574.74776658617 28379.5694946793 1.0
45.44261194457587 -1.0 41380.89748616284 9682.70144773351 1.0
46.571201845813476 1.0 52479.87050010223 33648.60349276918 1.0
63.83390817639191 -1.0 10563.497249475573 32986.37046604359 -1.0
77.35321503202016 -1.0 47380.93565372587 13740.721486320062 1.0
78.10654023940188 1.0 42131.12600636829 75451.3914181412 -1.0
76.33719644715609 1.0 98180.20380163667 88013.37105656511 1.0
76.75879004304322 -1.0 59284.88399414156 95315.89986685228 -1.0
46.445969909431 1.0 42474.27587709813 28982.62963309789 1.0
23.359450690512798 -1.0 40388.13803110167 57338.41791932811 -1.0
48.74388217285454 1.0 27134.639772790582 89000.43586795316 -1.0
38.46373572120895 -1.0 49888.78587545018 1555.9039111523343 1.0
50.099154794099334 1.0 98821.74497659758 4893.030362361772 1.0
27.091142755443727 1.0 60604.1499842513 92211.44397015398 -1.0
36.76330761818021 1.0 35821.0668888444 16310.13374714575 1.0
38.503556245467 1.0 58144.40145899579 85687.77995027705 -1.0
49.49976088602554 1.0 25545.201756136736 10236.285270899692 1.0
64.88496946873073 -1.0 39248.881828053025 87891.73454387068 -1.0
54.7591746079517 1.0 83837.94121084252 82129.87970678076 1.0
83.62219186767895 -1.0 28059.285420003187 81348.8860117878 -1.0
67.6650173013411 -1.0 22573.43130590601 2213.645765725314 1.0
46.81556548308716 -1.0 30333.590942538856 15719.834989038261 1.0
55.59728542519561 1.0 3682.1006841927797 55223.696933093466 -1.0
45.86884088374637 1.0 72176.65942277016 71431.07571179213 1.0
60.10364789498418 -1.0 20894.761902830673 18661.868373924506 1.0
72.99359555008664 1.0 32379.206401577932 8689.288291916164 1.0
81.22159504962715 1.0 99340.7947952188 27727.388717159974 1.0
53.867038994137964 -1.0 35286.01844058279 31668.814273238844 1.0
25.188727068168028 -1.0 61568.32284992948 95616.35547467743 -1.0
52.414056742594525 1.0 10619.420419299131 50505.80667974392 -1.0
30.269322594670278 1.0 37127.48772067066 83898.85804256097 -1.0
78.45118832736094 1.0 75703.75351617715 3185.473835897845 1.0
51.027994765197974 1.0 36417.62541129335 92291.51150422459 -1.0
74.51163074459008 -1.0 58905.577984494594 33152.83740104903 1.0
61.893370369843566 1.0 17192.7791931049 31497.19032837086 -1.0
52.701028573716236 1.0 6873.408494942856 91167.69173353112 -1.0
59.146684591813795 1.0 86289.5175272981 18300.78334510954 1.0
59.64334889008926 1.0 58528.04577318053 6525.054397261232 1.0
31.368487061930374 1.0 2698.553278621507 75626.87156625403 -1.0
80.89629558217743 -1.0 8683.743489272432 2050.445112451094 -1.0
18.254506828411976 -1.0 16414.067957789524 46037.61447252096 -1.0
25.92768936271494 -1.0 64933.41639708927 95218.88928822738 -1.0
57.18913429650208 -1.0 5311.381959038186 42627.58140457804 -1.0
74.36952788041043 1.0 49237.388937645934 132.79902900645845 1.0
40.26814302990357 1.0 48604.78674139348 3624.9008084512925 1.0
22.622555396584225 1.0 8935.698720740325 93685.91135637942 -1.0
20.57564857143416 1.0 50469.976730976785 49828.96848665033 1.0
31.95298820431127 1.0 91743.28590253933 37936.381551667066 1.0
23.84497867886936 1.0 8339.861777569913 20885.67951663245 1.0
81.1700592112672 -1.0 94166.31904839956 36772.490722199414 1.0
64.63466983002179 1.0 66711.78168054034 88406.1194032625 -1.0
29.486772381973225 1.0 55851.870764537234 83187.37379406106 -1.0
68.92169765187259 -1.0 22486.424326484055 48465.45585152244 -1.0
59.449607373706506 1.0 35118.38172291992 524.6543706033502 1.0
65.45744000608477 1.0 85884.05232486418 43458.50728435799 1.0
69.51883145448642 1.0 9071.786880989408 67009.61206643493 -1.0
82.47190803792247 1.0 27488.325204033616 49433.2954018031 -1.0
19.10029279460366 1.0 36040.59083101253 42577.78353943698 1.0
68.49591919975768 -1.0 6077.178073607814 31646.355191919218 -1.0
64.4112467664435 -1.0 38314.337399617514 58862.65228060956 -1.0
32.59712552027968 -1.0 13625.886396323873 89836.29999699717 -1.0
54.38281706567426 1.0 4392.981142741392 32914.86299133245 -1.0
34.16399100141742 -1.0 1685.8716173399846 78366.04398040606 -1.0
24.33305909407617 1.0 22423.422379419866 89186.89208797505 -1.0
49.071682137646526 1.0 90764.32200683845 27834.523307061467 1.0
20.440072792418817 -1.0 83746.94082615072 5940.1954657961605 1.0
68.28589954894343 -1.0 75738.03564003574 771.2889851822058 1.0
50.959752818760016 1.0 91294.00694186456 65221.03479202917 1.0
36.05350273222605 -1.0 52912.22064511465 92959.61190611284 -1.0
82.23027304584058 -1.0 12435.794989129023 94330.07304072243 -1.0
36.85976137406658 1.0 52703.811695212855 18410.014165645083 1.0
78.47419393599839 1.0 84109.72121591291 18581.046769144195 1.0
44.316374389181576 1.0 7654.058419862997 63546.920979887844 -1.0
47.09317728924487 -1.0 96789.02814125913 54399.80478970183 1.0
63.57528261456182 -1.0 59399.25608793859 99743.24320093876 -1.0
45.415973417440426 1.0 72791.76253313122 89310.09477120379 -1.0
81.60923292627652 1.0 71217.32693413013 64239.03467495444 -1.0
52.40841605096517 1.0 59041.647155589 24981.224135510118 1.0
47.78082782320658 -1.0 88430.73140689459 34997.94363391965 1.0
86.48068480196004 1.0 73597.6630514771 21059.208549163886 1.0
79.27439253937521 -1.0 84181.67666083555 80271.32459758439 -1.0
53.952867791756674 1.0 66887.03543307383 39060.13621429476 1.0
79.87140900801907 -1.0 10344.237934492006 79426.641450057 -1.0
82.84083224561938 1.0 37795.99989881286 19063.219930394614 1.0
34.70860951299002 -1.0 15752.414700157902 5971.85148002467 1.0
72.29261849554713 -1.0 5849.274781187152 67195.1391818998 -1.0
66.00427095361687 1.0 80176.57239816384 26835.205605948697 1.0
49.3821407120663 1.0 40512.60497958578 3521.094145128667 1.0
64.2765453003187 1.0 49718.7804515451 9394.932196094553 1.0
51.5455681511196 -1.0 65809.41961503073 37201.42420611312 1.0
63.86934851529155 1.0 79882.96665263774 97660.83723787659 -1.0
84.27586529539532 1.0 83482.87548106872 34032.38345325159 1.0
62.7781203579054 1.0 27924.637577069177 67148.18839854712 -1.0
61.37553354000341 -1.0 68486.50141402616 4254.79383285382 1.0
45.72851038567834 -1.0 97258.68061314904 98943.76349805517 1.0
84.41468984714797 1.0 73074.95297723674 77075.99523413839 -1.0
53.18629004051028 1.0 19416.918424528907 92673.34808392581 -1.0
27.96239846916569 -1.0 30974.08784328375 42717.01913492232 -1.0
56.62578043758549 -1.0 25781.144966288848 9137.465526327871 1.0
73.67179957192285 1.0 3080.5517241459634 67635.17686039205 -1.0
73.82222822592907 -1.0 93200.15482924458 29960.868839492116 1.0
26.557040838978644 -1.0 50175.59773123023 2932.1298495536885 1.0
18.513106813261402 -1.0 73412.80562567132 42918.59785902132 1.0
61.76709455650312 1.0 7238.702589229962 81815.8826115831 -1.0
55.68705296683672 -1.0 42699.909060179874 80940.9773789738 -1.0
78.00677833034416 -1.0 14999.348052075178 88254.31536413453 -1.0
67.42286542624963 1.0 98064.07033852328 4865.174531774508 1.0
63.91831128214764 -1.0 23343.466558482505 6986.405333194368 1.0
26.559617443199205 1.0 63991.32337578589 41873.06709456517 1.0
25.317459731421746 -1.0 65632.05498656348 16399.20729492078 1.0
66.34048995074862 -1.0 57633.33239367695 87357.12005463851 -1.0
58.07814611629212 1.0 82968.7546313439 32305.378094737724 1.0
56.536601606827155 1.0 24090.254656170073 79146.59882794313 -1.0
76.91555636422333 -1.0 548.1963821443281 87094.71018817622 -1.0
66.64770915073697 -1.0 52060.29301312861 5327.987313122773 1.0
55.494652434232435 1.0 40375.71123827472 18229.094333865236 1.0
79.81543240484099 -1.0 45010.307993240276 32670.202264747863 1.0
25.72426928028919 1.0 26595.38637213983 26159.185563656694 1.0
67.49582500183786 -1.0 81169.27054602867 51044.62170826038 1.0
82.06714574263329 1.0 21392.25434653299 56150.036849454664 -1.0
30.91927331773545 -1.0 99942.35022671208 509.5994604622844 1.0
70.49754111752335 1.0 94043.34566354583 39269.64086298411 1.0
70.59193690466311 -1.0 62994.7520078861 35776.07868597259 1.0
54.673323148616696 -1.0 48962.00934483213 12248.231757102301 1.0
51.20427866429163 1.0 48222.21924074626 25335.881424669595 1.0
53.83707997230885 -1.0 43167.77407168748 48990.91927110719 -1.0
45.260074754271514 -1.0 37355.2954890023 58697.81617573134 -1.0
19.45923713688281 1.0 58239.17998636235 38243.89864059844 1.0
63.70319973889171 -1.0 83803.09002602653 6573.453395122264 1.0
56.84204796320164 -1.0 33934.71168560497 11198.491522565879 1.0
77.53358636993619 -1.0 62868.601178036864 56809.11965999228 -1.0
33.40454132115615 1.0 70664.20666874235 53682.52888716405 1.0
33.90622790933609 1.0 26693.85333432458 41740.69944976744 -1.0
39.827910212000056 -1.0 25476.149767278468 798.1373824528348 1.0
48.30234954334888 -1.0 52692.52358629438 7903.634324433983 1.0
29.960888056437277 -1.0 20791.462709782794 62704.45452468052 -1.0
26.643958003021204 1.0 34542.747656089225 99329.43116538336 -1.0
32.71329612677751 1.0 61506.17573711634 92590.79558600693 -1.0
42.81594541122162 -1.0 33858.03543552684 49265.46693849976 -1.0
48.52807549850024 -1.0 58108.01496114947 34583.88507520761 1.0
33.93180910032468 1.0 65960.0064688114 95105.26505418346 -1.0
44.647746460189154 1.0 59399.68146611705 66982.15068139763 -1.0
20.70876796196169 1.0 99136.96354385676 40200.36949279711 1.0
74.92385997412478 1.0 46722.872106631396 35302.620910386264 1.0
71.29472247893023 1.0 83845.34171214183 48724.08891846867 1.0
77.8446971123237 1.0 90528.12385122942 88075.63079169195 -1.0
34.06230865383787 -1.0 28615.540758422863 14416.628090944161 1.0
65.97570479241529 1.0 91162.48549534284 82921.35750838373 1.0
74.77669819141471 1.0 34567.08440120613 87482.2624799706 -1.0
81.21177530917657 1.0 25522.951209046252 11495.932547838305 1.0
69.40158067097047 1.0 17824.180641602707 27682.780556747854 -1.0
68.66674845284483 -1.0 73012.76889235625 96550.53327696325 -1.0
36.81002847149366 -1.0 59302.67646666024 82613.69639450274 -1.0
80.07794302005918 1.0 82582.65670818176 24479.83348631896 1.0
34.127537345433836 -1.0 90979.26372908079 61601.577439134766 1.0
42.66523826066448 -1.0 25120.695799206394 14327.052525187855 1.0
21.289959693838888 -1.0 78166.6553919859 11883.707383347653 1.0
36.037377118013595 -1.0 64942.193915136624 55108.61768042202 1.0
30.91136507170627 -1.0 41638.46464324933 66841.7802199676 -1.0
71.17794316036313 1.0 54360.959128933886 59078.53376671373 -1.0
80.12531265304347 1.0 56043.76513384387 31547.311345040696 1.0
56.396691214014496 1.0 99194.14198339355 21618.843969662503 1.0
25.201324485064973 1.0 11545.084483590217 32159.555276595707 -1.0
84.54756521227533 1.0 67415.50289097647 89554.64358910944 -1.0
49.38822994955517 -1.0 31759.951134799692 16958.057023814523 1.0
23.49573879817187 1.0 50551.43483463832 40025.87772575562 1.0
78.98213099541044 1.0 84636.39854280592 16100.534700822733 1.0
65.88127244631734 -1.0 70166.83405715725 97939.3400941118 -1.0
41.77564447351189 -1.0 96319.96414761306 53869.354617101395 1.0
33.13700910691931 -1.0 17804.712129576117 85493.48761102404 -1.0
66.39005776921462 -1.0 74462.62342265145 55833.91346448551 1.0
83.15649297453858 1.0 75563.36596357137 35186.91041291897 1.0
60.39939315194096 1.0 20383.229776200995 8097.567937817696 1.0
72.58579801231821 1.0 18205.29657020573 73134.55597971399 -1.0
56.51057590052647 -1.0 65783.32026788319 87599.73694012611 -1.0
36.943384764858905 1.0 48216.38037745374 8272.259255972636 1.0
78.21570902353383 1.0 44653.38800163148 10240.53544808784 1.0
36.42328704906025 -1.0 4485.488511098146 61523.87895731843 -1.0
76.72615237987344 1.0 33042.89595536112 96624.01017194394 -1.0
28.052994509688766 1.0 25396.981927374163 95408.10486005104 -1.0
18.54087551514137 1.0 9282.917144849978 98585.84502662059 -1.0
58.51289701430262 1.0 5543.802520095831 79290.6354050495 -1.0
72.17046008973092 1.0 93586.1579753484 33406.4109551541 1.0
54.768238258714646 -1.0 98432.26099614524 88384.87083076473 1.0
84.32704976652191 -1.0 70706.69828151246 37081.87016527824 1.0
47.186316200357474 -1.0 66191.27446393952 30618.84625280855 1.0
30.11610373905833 -1.0 49561.978071331934 12551.264351591984 1.0
44.21148376480296 -1.0 43689.574983073355 49251.70642537954 -1.0
86.60586525331358 1.0 72652.47726055289 96291.10773824892 -1.0
49.80576745099693 -1.0 68610.34422559239 34085.336823000376 1.0
20.277502952819606 1.0 93024.32693716821 20701.956864922922 1.0
52.969503367913404 1.0 16632.578331462842 54656.01729955435 -1.0
35.27094820761462 -1.0 20147.819777204957 58708.880180843145 -1.0
76.49553791509186 1.0 78197.02404957479 90031.84362988952 -1.0
64.8241526725983 1.0 90385.39648586798 62571.375344071865 1.0
38.20928196440245 1.0 7890.622935928926 78507.8439934421 -1.0
72.4108804784606 1.0 46491.61112818639 42203.77342857624 1.0
38.706930632209435 1.0 54624.97688716479 36176.60737252036 1.0
51.75579565071558 -1.0 49959.614776893344 20615.28520995173 1.0
72.57946812513032 1.0 11346.983281582334 25050.650935339447 -1.0
75.17740551426137 1.0 38441.255888332606 518.6207973144063 1.0
62.49787969950273 -1.0 18426.401136136385 38798.290109164045 -1.0
44.05343638651788 -1.0 84261.16175286911 88945.42785866861 1.0
72.82903774816398 1.0 19996.28176921442 41398.15028635919 -1.0
26.38431953242888 -1.0 1669.8511626363488 71175.20999026351 -1.0
65.55057059171361 1.0 52352.31713662895 62183.49465212081 -1.0
84.7849669813373 1.0 6426.58150962715 80009.1471737409 -1.0
18.854364072917313 -1.0 122.79808384142443 7423.967756697436 1.0
23.653742843300044 -1.0 5368.732461837011 63316.70140856922 -1.0
69.58375757261314 -1.0 1000.9574296225177 11268.200234764037 -1.0
61.312695109205336 1.0 69891.72021142124 16719.648176467083 1.0
57.49629920052639 -1.0 33456.079028014654 57372.485710085195 -1.0
20.956268622571354 1.0 21234.236535246408 13241.4965207317 1.0
31.152090913232485 1.0 29776.60072625581 65732.85844190216 -1.0
85.90106554849665 -1.0 81263.12267744805 36776.64032952079 1.0
47.288960278129665 1.0 79001.99651080578 48419.31088020116 1.0
71.10410735104506 1.0 77651.45788723195 44414.380357140406 1.0
34.26627091358014 -1.0 96159.6584382306 34034.3065087325 1.0
59.475687215635865 1.0 75113.36373589741 37544.3374137206 1.0
41.911488774901514 1.0 38943.07247444558 26076.039645174187 1.0
73.81902155918235 -1.0 85804.9422431361 15554.26248035371 1.0
20.97609273848842 -1.0 25381.99803497483 63501.69611663081 -1.0
33.88439265444719 -1.0 34083.62859672137 59092.83192668858 -1.0
62.43292901883795 1.0 23649.49259775533 26548.979565736463 -1.0
21.18813126859918 1.0 83047.44357775584 58804.46791482967 1.0
79.13040254867617 1.0 91322.4223697423 76599.11995795337 1.0
46.649810431744555 -1.0 30713.12975090035 24968.846938995324 1.0
74.03154849729643 -1.0 40824.29372857439 17594.579941546974 1.0
56.95681960737787 -1.0 5143.106530564168 70666.29980810128 -1.0
83.0239459646359 1.0 32915.1358807951 24965.094484789184 1.0
45.283447525596586 -1.0 2312.162876261048 1228.3105768387536 1.0
39.63235565451849 1.0 14008.863169392738 86440.73399332458 -1.0
81.18799440764646 1.0 50509.5289215778 91229.024495631 -1.0
81.50653141748421 -1.0 83072.45926681126 9534.66671227563 1.0
31.62788380679685 -1.0 36013.062393838045 27420.620487953773 1.0
75.53471479758801 1.0 31863.250332238957 23886.957524596288 1.0
46.85048588362754 1.0 28982.09024127283 21424.462958219825 1.0
47.13979967451251 1.0 99206.87053496801 14758.302885519748 1.0
35.81029200611859 -1.0 51710.10747463517 87853.39030048579 -1.0
46.19528755645284 1.0 38179.915748952786 64674.76315459703 -1.0
61.42197670406895 1.0 65466.52626801756 65985.93258825812 -1.0
81.12169734443967 1.0 50173.25996525991 91227.19417873956 -1.0
21.049288669217717 1.0 50545.110723844555 1015.6603628226458 1.0
81.52749629144239 1.0 2360.303059660984 83652.98102046172 -1.0
61.782023664396796 -1.0 53315.47769358724 55459.978640978545 -1.0
51.774243673763856 -1.0 46970.969605010236 21890.427183969918 1.0
57.065606967038555 1.0 97573.93714630618 78890.02286141053 1.0
86.55053811276395 1.0 27873.362088936305 35405.761577420715 -1.0
59.50712559187189 1.0 6683.08123324427 12362.765642102613 -1.0
46.01746619790983 -1.0 8184.381933184437 93442.70601276163 -1.0
83.00886900158277 1.0 17771.207575873228 70943.60896193316 -1.0
50.677851274947884 1.0 18530.14329745891 96938.59805570934 -1.0
78.96927300770848 -1.0 86841.70060354474 34179.65882152002 1.0
51.52495160690549 -1.0 44709.92721082526 51515.66962262436 -1.0
84.57693537267065 -1.0 59799.3984348951 27863.983982136386 1.0
23.66075359143731 -1.0 98236.50472949688 98736.97310029487 1.0
42.324073514958606 -1.0 3338.0968411783397 26465.94541479732 -1.0
66.79727161554644 1.0 53982.10905238279 71170.3610172497 -1.0
70.71203131432745 -1.0 56996.632848035464 66275.32645731696 -1.0
80.94682751899371 1.0 21281.405997901547 61437.547276839585 -1.0
59.820686348154425 -1.0 25213.28915969434 27830.17354163222 -1.0
68.88402918491904 -1.0 60762.518792892835 76707.38281736054 -1.0
78.06808991401434 -1.0 98052.8612925616 60757.17645606183 1.0
84.65146890662551 -1.0 68502.60407696821 5956.468202560128 1.0
37.90100701800732 -1.0 47443.11503604969 85403.82689756811 -1.0
83.94995206790671 -1.0 92908.88355696994 52216.19910898242 1.0
31.39034633746975 1.0 8218.63187905052 37319.64541746344 -1.0
34.80179376844076 1.0 93908.39784207112 67204.81929391195 1.0
67.75792570636804 1.0 83083.56430354927 51022.082346774514 1.0
66.63330761136298 -1.0 27526.20450155665 34023.66188762196 -1.0
20.431962070698436 1.0 57646.61527525309 29222.184863898747 1.0
84.02891150529473 -1.0 46431.696856170005 87636.9562410876 -1.0
81.24173192812474 -1.0 13898.240210585045 49163.59675793236 -1.0
52.811930660379765 -1.0 40504.250796149245 52497.09837742653 -1.0
49.55027623872567 1.0 1115.9045284519163 85004.23610779474 -1.0
53.11951005559348 1.0 78662.83227926545 34228.07955425113 1.0
66.38712930146443 1.0 54070.99054063021 3569.0638387354866 1.0
48.223987554653405 -1.0 37406.358076186174 39726.31257730788 1.0
31.314280307321415 -1.0 59398.51718383956 51842.387947517745 1.0
44.97575257846293 1.0 86020.25288446077 91645.75539608896 1.0
83.9902982158619 -1.0 28131.57741024427 85955.4423062142 -1.0
78.09749171629008 -1.0 29458.20986436439 44760.10805936727 -1.0
44.56358584141902 1.0 79352.39263663217 10242.428558571637 1.0
67.37674035551395 1.0 91467.66929219553 19699.546356028153 1.0
63.66902060442735 1.0 28591.49722948385 77813.65839619123 -1.0
45.12266564781618 -1.0 87154.40608447968 80522.35793788935 1.0
54.43657179000437 -1.0 44054.58924358152 95441.31816225377 -1.0
31.735005107527364 -1.0 74913.64524994862 26337.586764187614 1.0
62.75258487669493 -1.0 50039.12580227885 65595.1856295909 -1.0
37.84442268595607 -1.0 57390.8300434601 62987.32231938912 1.0
39.42979203418722 -1.0 66241.828808878 52659.08380613146 1.0
38.306503596322685 1.0 4167.165549034646 88493.75391642502 -1.0
68.80269815640894 -1.0 16021.426842135534 62078.317976217055 -1.0
29.46758422686514 -1.0 59298.00364453123 69652.0815636054 1.0
86.99276446196983 -1.0 94896.0653227498 50950.05745679069 1.0
64.63702806522164 -1.0 40535.67179071224 68012.1575037997 -1.0
86.8483401568726 -1.0 15988.851445704744 32063.50231506099 -1.0
87.92438631265864 -1.0 75921.9449413985 18431.00130738814 1.0
82.03707502577588 1.0 22784.982654651918 98529.70146981627 -1.0
82.95819415281224 -1.0 76782.31240715474 59919.94779852833 1.0
69.45945150424564 1.0 56338.562724387775 27143.56522100202 1.0
55.63112263369506 1.0 52240.007139024594 84571.26206454202 -1.0
67.1932585813567 1.0 883.6465150022566 92696.30781929345 -1.0
48.687202531294226 -1.0 93543.45035532121 91415.35701743275 1.0
58.97735137964662 -1.0 36046.15831922443 47430.26813983894 -1.0
77.48953582502347 1.0 33349.45320425185 12867.58820531665 1.0
80.98933458045059 -1.0 78242.38928492776 48048.68777264584 1.0
86.15090911826795 1.0 41506.1135636843 3343.393943363504 1.0
24.06583389548515 -1.0 46460.52163161249 49825.10103725596 1.0
28.663746559087386 1.0 82324.31337507097 9271.216186411535 1.0
23.612359225481747 -1.0 43511.69034207355 9587.534461654024 1.0
67.28048137803097 -1.0 8469.883506055587 6684.971852132615 -1.0
36.16068098091848 1.0 37929.35259035122 41098.47463767662 1.0
59.99897682368217 1.0 5887.374687175673 64514.06596752105 -1.0
28.66501638288546 -1.0 53829.22473917296 61778.905087323554 1.0
83.84113824750067 -1.0 21024.634612607086 30328.83147886274 -1.0
59.89508454329106 1.0 48275.91528764233 54795.1985074036 -1.0
51.21724183333554 1.0 58313.32204264076 4393.702804906318 1.0
47.90407225589835 -1.0 39816.94773751432 98531.1731595933 -1.0
40.18017607135634 1.0 19010.84420711927 78566.05701494306 -1.0
72.66260712562189 -1.0 95169.48330682857 30813.38189666738 1.0
36.35886976604047 1.0 5346.560287581769 74715.30653556273 -1.0
60.999588536680335 -1.0 66252.98365821272 89167.45423536368 -1.0
74.3800601618745 1.0 75316.54849501023 25860.062353338144 1.0
40.077245622002934 1.0 81944.36989836053 65734.29347252072 1.0
38.54274652985269 -1.0 88423.72007230844 72282.39109238127 1.0
22.664210841640433 1.0 34727.38537217538 27534.43091670833 1.0
25.70127958498083 -1.0 84228.38114341661 18375.660812571416 1.0
53.706273541543595 1.0 7229.829330688098 62011.42295944113 -1.0
71.36834525738169 -1.0 25881.657633947187 73104.35894192877 -1.0
60.48758548780416 1.0 46691.42864073196 97893.41854666187 -1.0
86.75039580746625 -1.0 88466.00050538502 90194.4907585279 -1.0
42.952354156109166 -1.0 41438.32240847549 56428.249915615634 -1.0
37.01466757952883 1.0 18109.67332959238 39.15239488090361 1.0
71.06052856020429 1.0 89962.04935223561 76884.28506142122 1.0
66.65134233527719 1.0 36494.16217865339 22501.457141994873 1.0
40.12466858353064 -1.0 39683.35222036494 45865.05292794454 1.0
86.60722650179054 -1.0 58802.809146994994 8746.145812313465 1.0
66.75806097611033 -1.0 64466.84132597737 56494.614785111444 1.0
83.33986948968564 1.0 64029.33124043602 2393.2470803597726 1.0
20.59063891525177 1.0 15630.623524299624 67140.89438095354 -1.0
45.972586596379685 1.0 90739.6807580686 25641.39286980318 1.0
57.662975835826465 -1.0 40477.64810747146 13081.956290419826 1.0
46.18540891438957 1.0 28821.291971053266 49471.63831111937 -1.0
19.22188420936383 1.0 90314.45211306341 46719.73473650039 1.0
46.481082381428095 -1.0 68982.38131253513 13915.730431547845 1.0
80.97790324882347 -1.0 2612.022836947436 12480.124210072774 -1.0
51.36578359847863 -1.0 276.24224460238713 10549.464678649945 -1.0
67.78257028565818 -1.0 68846.58455821198 64625.595473622074 1.0
80.39984741069907 -1.0 38288.506012886224 7382.4770526902175 1.0
53.45825267440775 -1.0 18974.618295266664 39896.165782531236 -1.0
51.567547426812204 1.0 9383.047132194111 89108.90464156315 -1.0
81.37595835477134 -1.0 58938.95152846263 41785.2120990602 1.0
47.29478251627657 -1.0 59517.288169910054 36402.941113117835 1.0
46.25662785040476 -1.0 57538.92032909383 79586.44627203303 -1.0
59.245039849864995 -1.0 8290.892126631277 71497.23147280912 -1.0
37.38329766740398 1.0 75502.12227349689 98819.77473408877 -1.0
86.7696188823268 -1.0 44045.28386660398 1373.3730286422551 1.0
69.3551893973726 -1.0 1946.3639376001595 7966.01887929812 -1.0
53.01481128484171 1.0 62726.93250308459 15461.958975710222 1.0
20.64541330909769 1.0 87791.65066508715 66605.43679300924 1.0
68.70433545506941 -1.0 94920.82561970678 29784.866186383275 1.0
82.1101480953958 1.0 66462.2634377046 26393.578184678467 1.0
33.752069582640914 1.0 72745.88903472689 70343.31514210025 1.0
65.85776721565094 1.0 3915.321854091858 18421.993762052334 -1.0
78.21085075715274 1.0 45998.153548981936 99299.41321977461 -1.0
84.16842303450746 1.0 1894.7735630962636 41623.448084052514 -1.0
55.68114829106379 -1.0 26392.941820515225 37099.33992810153 -1.0
36.35540602151602 -1.0 52440.69384325898 58658.15380286649 1.0
38.92365993246993 -1.0 21355.971058671996 43444.25529366932 -1.0
31.240058127242243 -1.0 27370.651456118932 69035.89648023249 -1.0
25.621805972548856 -1.0 87701.3854544734 66331.54954288182 1.0
79.7801810818361 1.0 17514.794310009605 28855.672480898687 -1.0
73.54942131924065 1.0 7106.693711671175 99113.64306100212 -1.0
75.05839635300484 -1.0 46762.35832777391 64295.21603578817 -1.0
51.24609948536665 1.0 49604.1911544482 29392.033663070215 1.0
56.11545784730483 1.0 13353.372179853717 96157.51252799961 -1.0
74.4498799270122 -1.0 85862.28979354922 587.2825433369311 1.0
71.86803846974748 1.0 68105.1298094999 46374.6534366829 1.0
78.10394598820152 -1.0 69261.6416827788 69072.00406957198 -1.0
57.78720383458022 1.0 90510.40369952514 76305.76825796308 1.0
24.938359415914306 1.0 50819.97099382289 53099.52065069063 1.0
43.52064994551633 -1.0 6960.975017012572 73661.49856751264 -1.0
65.74363279841587 -1.0 15331.482518101313 88673.49180716052 -1.0
31.32105509669318 1.0 11405.446548509834 59962.28213280223 -1.0
21.849520235267626 -1.0 84959.47989244784 98723.66886543328 -1.0
19.606191042808394 1.0 36188.07435645992 66755.20066643313 -1.0
33.559983906598674 1.0 44437.72012531243 80420.16522630803 -1.0
73.56968656742436 -1.0 11651.488878331573 58568.00609443257 -1.0
39.22553077723751 1.0 25444.411533310307 67966.56575758274 -1.0
59.39388799617151 -1.0 88634.77314317945 87395.62438644523 1.0
58.50254430844488 1.0 99552.83290712023 97058.47393655416 1.0
73.21006632478719 -1.0 74126.04613558823 23846.406882767424 1.0
72.69378656451148 -1.0 65342.42172125958 30088.08464707223 1.0
34.13692655770021 1.0 60136.192197006596 9939.716291946821 1.0
54.84572453594079 -1.0 30266.492565109937 99699.1440978125 -1.0
79.88922648301016 -1.0 56488.13713784563 64410.02886359309 -1.0
66.5126214473831 1.0 49507.233328124144 96514.77769586041 -1.0
49.0877122956048 -1.0 16948.242423744698 47703.270239227466 -1.0
57.9672258356182 -1.0 96170.82956585682 84695.60037074008 1.0
60.27662331896235 -1.0 19153.885514572798 95848.54240964967 -1.0
31.88359202357907 1.0 69498.51379445498 76511.3655566729 1.0
67.2921113637169 -1.0 54038.821316603426 51343.75383689205 -1.0
45.242060754306976 -1.0 53299.20896904303 59009.29366000179 -1.0
82.65182651050944 1.0 51782.16703297005 43898.07992891834 1.0
82.63886591151812 -1.0 17275.471629085183 85281.24220883941 -1.0
19.897256973541708 1.0 49884.885453159746 38170.320356576005 1.0
50.78135646668689 1.0 98172.93961089 89952.15980696071 1.0
48.507288116006166 -1.0 82064.16151568074 93848.11375337692 -1.0
78.9515168803048 1.0 58608.81701774015 3496.7854758550466 1.0
25.147462881287627 -1.0 70260.26368380421 20150.580673353834 1.0
76.6474649580177 1.0 40045.39502892058 83143.116848988 -1.0
43.08161189766953 -1.0 50561.030641707126 48471.73194745744 1.0
42.00038840390016 -1.0 43992.43274395224 54206.0803950449 -1.0
74.80247015186025 1.0 11819.279889270263 96078.03151008957 -1.0
45.713799249371725 1.0 16838.030908062818 4321.034555461045 1.0
36.68992729304283 1.0 71957.70243928792 64814.15585095259 1.0
27.445720014549465 -1.0 11566.472174998999 27215.54954354457 -1.0
87.30585185630319 1.0 911.6701424620954 91801.49281205736 -1.0
20.511619806589685 -1.0 13778.359295383003 66723.8389597833 -1.0
21.714049844461435 -1.0 77075.43607052891 49604.71368423111 1.0
53.842363994529265 -1.0 27641.612893427126 62487.633413186886 -1.0
46.6983162289091 -1.0 55977.522180979366 2909.4054923490153 1.0
39.68478987035221 1.0 59219.467024726095 82830.20679797193 -1.0
53.404435210600326 1.0 38444.77308586941 60231.64512299207 -1.0
76.64091798739665 -1.0 14485.229854020243 65595.84888336124 -1.0
82.85238137628436 -1.0 5648.4427813480615 97015.7953915786 -1.0
21.677509853643713 -1.0 86037.2983467497 88159.15617863694 1.0
66.9748380818102 -1.0 25402.290975945372 29372.634877481985 -1.0
82.28429170651994 -1.0 16080.535304226196 30109.683024981416 -1.0
43.78078278105789 1.0 16465.28299473966 32975.46216663817 -1.0
36.905927913813684 -1.0 93249.21322889991 33252.43198167539 1.0
41.14424407098109 -1.0 6496.845413055341 19033.79918851027 -1.0
38.944759085820934 -1.0 99983.92235624649 48809.73312080395 1.0
58.3827456717182 1.0 90492.44844701061 49503.47076942742 1.0
75.89264367079201 -1.0 20492.566470975904 11371.713864811183 1.0
20.02685027783438 1.0 80167.98288281409 1079.5706670046811 1.0
68.03339266410973 -1.0 69429.55490458707 75135.86650740547 -1.0
69.52329665805463 1.0 92670.7342536388 16943.382718938527 1.0
40.683212250849635 -1.0 49497.40671173461 33527.25075338232 1.0
47.19264838265737 1.0 79995.89400743826 8160.911469974697 1.0
73.1738103724218 1.0 80748.09690868513 89209.3493036837 -1.0
45.63099683875156 1.0 62210.147312951856 52463.5072168323 1.0
40.779175388640326 1.0 64925.647247619134 4239.41963508615 1.0
49.468504409780635 1.0 70552.23084830934 38319.41716304783 1.0
35.09909541226996 -1.0 98694.48606902381 1431.2514567675016 1.0
34.23948447607718 1.0 52919.63993098825 32219.74008437536 1.0
47.48504606761729 1.0 65669.76037376476 90678.00268474451 -1.0
82.42917195604316 1.0 41238.95876180781 87141.01259969917 -1.0
36.58860244579347 -1.0 8000.215969160351 26270.286297912437 -1.0
62.433052874909585 -1.0 39172.655303569314 81636.79412550226 -1.0
79.504062255726 -1.0 82104.19371129462 11687.986959325935 1.0
28.15045182560027 -1.0 31337.050716543934 26546.829919673786 1.0
19.24669537364639 -1.0 2687.4080150772197 65355.60708638388 -1.0
47.9690391819927 -1.0 89358.33570425575 65101.87766173524 1.0
58.600567544968136 1.0 32742.080486742343 63358.96295129735 -1.0
30.599727598016013 1.0 31292.04963148825 58485.76764042307 -1.0
21.722412524577237 1.0 76166.73914597109 29125.765198628884 1.0
64.48715287651459 1.0 37180.92552102835 57378.63750045715 -1.0
33.467588320992405 -1.0 3977.4084845894286 51240.20944062738 -1.0
21.86406123981783 1.0 22160.769152708715 23170.85356259564 1.0
86.96749415079594 1.0 5650.354653101064 48115.06544674532 -1.0
30.160393979464843 1.0 89635.40371815328 11316.519521978986 1.0
85.8130055584628 -1.0 29373.104923018556 50512.8322239728 -1.0
42.263835739206655 1.0 96415.75919302856 47761.47477259611 1.0
87.50153434861889 1.0 6760.260483458924 69263.1938151663 -1.0
50.3865720915062 -1.0 15854.788297495892 52764.41072030705 -1.0
68.12733438707386 -1.0 90866.49947056617 61719.58287128087 1.0
72.7374889730223 -1.0 90282.19116302977 78572.2841562114 1.0
27.252525475970405 1.0 99481.49106591525 55028.33364343149 1.0
58.59900750943121 1.0 67171.14012059529 45119.23858243494 1.0
20.653949654326347 1.0 96298.06391259325 70990.96727794057 1.0
68.1545117392901 1.0 10173.091730601924 97988.75538053537 -1.0
30.99986185544755 -1.0 24001.171169555833 82665.60612779098 -1.0
87.568646392572 1.0 12156.367911086985 43925.70318672844 -1.0
35.163006982503376 1.0 5626.431492896367 65892.67927381823 -1.0
30.54216658030682 1.0 58625.2761774845 21904.663446735416 1.0
54.40160549523666 -1.0 38045.72425516779 60862.74098717909 -1.0
69.25089935535314 1.0 77176.78079332535 39039.192474225274 1.0
60.64981205148548 1.0 8701.855013043602 48816.5008844972 -1.0
31.130812524323545 1.0 3666.282936873955 95514.03852376572 -1.0
25.199188969436516 1.0 62371.77134835333 93190.64046574947 -1.0
46.54799050221605 1.0 1015.2487579768499 38070.461075496554 -1.0
43.15745136370622 -1.0 69925.43148997898 93912.78133896596 -1.0
67.15982248923372 -1.0 63725.17087947878 50698.11264549433 1.0
66.74139847641138 1.0 41942.17480716098 12632.165083782655 1.0
20.151244899550587 -1.0 26089.543539412098 87796.65979854089 -1.0
19.04929444440904 1.0 35595.51042911984 88309.66488134899 -1.0
19.28862600414278 1.0 88711.81208730607 47747.07178016535 1.0
23.860887898065307 1.0 66341.21136683955 24663.82631240602 1.0
83.34319964347219 -1.0 18056.836285976853 84557.97547955369 -1.0
72.56057586085112 1.0 57043.6161695746 48865.16481545946 1.0
26.444409954407575 -1.0 9380.366073666735 56293.77413773052 -1.0
71.30361697755674 -1.0 82113.4408010115 55317.64267096084 1.0
77.65406647420116 -1.0 98206.17164180939 23265.554436246017 1.0
29.1749617462073 1.0 26716.155950247146 24392.534625540997 1.0
54.435823999930406 1.0 95412.39816130232 5665.147665925796 1.0
76.34657309981384 -1.0 26728.74453919898 34626.16906826762 -1.0
52.07732978132031 1.0 69883.8623596306 27448.58729152877 1.0
46.483485555571676 1.0 83283.57977754924 5190.991214889251 1.0
38.48212668353223 1.0 76128.34947193446 81774.25827465077 1.0
37.41809884291105 1.0 90457.97942249289 59212.48567106044 1.0
70.68916267737694 1.0 40098.24625675214 32884.28069001351 1.0
43.960881251797005 -1.0 32267.271771191387 33394.64596797094 1.0
34.61195841269948 1.0 43778.4449628866 4388.112650545139 1.0
33.796168735570355 1.0 69649.84725262568 24521.851153481046 1.0
23.482106616598898 -1.0 8180.27869226533 30755.41333468148 -1.0
41.817710832695006 -1.0 33679.00207541611 23366.325438986656 1.0
36.17345599748701 -1.0 79917.38558945192 89807.19126512638 -1.0
26.696949742730737 -1.0 7464.593542064235 36363.38861607902 -1.0
50.663372984014885 1.0 47352.42918109035 9546.39386364744 1.0
46.88662063080311 1.0 31180.175747889814 94316.51672319636 -1.0
81.69922825501237 -1.0 94330.43541636085 58061.36690148999 1.0
81.95674526066419 1.0 65477.94231071669 11686.664529369462 1.0
86.50801097386474 1.0 70064.8318759673 61773.899456666506 -1.0
27.053925317922342 1.0 77486.37372181895 91076.72764563843 -1.0
34.65771236784973 1.0 95943.63660463085 49795.975477372755 1.0
52.99018171522653 1.0 71738.94547351656 89269.52523619552 -1.0
77.28019254856608 1.0 7478.939612671908 30186.21339970593 -1.0
82.97651847284334 1.0 39657.57806564522 45622.852446843346 -1.0
32.6224272807619 1.0 90430.3116305022 47745.063492437235 1.0
66.83892921822194 -1.0 47550.38617975196 76992.00548954128 -1.0
72.26374898904997 1.0 52328.8839772048 39277.295786840725 1.0
26.67911348087005 -1.0 99495.43219731207 2206.548376304962 1.0
82.72186203368521 1.0 2167.623157963816 20633.918377616123 -1.0
84.44261372964253 -1.0 11522.586704144876 37311.88825315922 -1.0
49.506537272603516 -1.0 10241.35351580182 66285.29962645659 -1.0
34.54134577966076 -1.0 11885.210714063143 91939.68435288826 -1.0
34.92731835026631 -1.0 44880.06835988748 55392.47414456915 -1.0
36.86848374299851 -1.0 80698.03011911002 80918.09645247972 1.0
54.74251994015807 -1.0 76175.02595536351 23259.006862957387 1.0
81.59936101022038 -1.0 16265.797855503739 67027.73460573402 -1.0
50.387837923508755 1.0 75171.16171253861 38315.34821362895 1.0
32.52076226278781 1.0 45044.77739716359 22280.608259164615 1.0
83.57626107028457 -1.0 40828.31597607617 84716.32560436142 -1.0
67.32444595226089 -1.0 71819.24336075094 25493.00148262006 1.0
38.14172316464767 1.0 11731.857607255313 1239.4574398300163 1.0
31.48224443020772 1.0 3233.8969677649156 28306.573440586035 -1.0
26.564342722760514 1.0 79227.98275259345 86807.33917557381 1.0
66.34674704329012 -1.0 7511.845309844844 57177.61799647345 -1.0
28.507251884324578 -1.0 39004.19470572558 50287.34246490567 -1.0
63.44308203922542 -1.0 78433.6087740975 33513.4807511348 1.0
73.72548900740638 -1.0 71102.95206847711 43185.30287601179 1.0
50.285713169022195 -1.0 20014.445626558096 12114.093039986406 1.0
22.17214978597471 1.0 45359.381085349836 33609.59295857715 1.0
18.770555999008906 1.0 68127.06248844288 8090.6211158387805 1.0
75.34817981903865 1.0 14961.47711374729 91549.43658093417 -1.0
18.879453053373233 1.0 3628.268213827768 1586.02458145366 1.0
43.244447010327434 1.0 75930.20301750897 98580.08767686458 -1.0
18.178650270172792 -1.0 19764.99515684287 79299.1754900729 -1.0
85.25490748397155 1.0 71497.20808540314 34633.83342827646 1.0
65.96902035799661 -1.0 15914.867831777035 91946.5602142004 -1.0
22.727865644433138 -1.0 18926.232079212234 93694.91740148829 -1.0
85.20828238299708 -1.0 35830.86361229295 70723.88704184935 -1.0
